0 0.22604166666666667 0.7749537037037038 0.12237500000000003 0.2668703703703703
0 0.4820546875 0.430587962962963 0.0569322916666667 0.132712962962963
1 0.25365624999999997 0.33422685185185186 0.06679166666666667 0.12830555555555556
0 0.4506354166666667 0.25675462962962964 0.04128125 0.07676851851851851
0 0.33017447916666665 0.38985648148148144 0.05605729166666666 0.11487962962962962
0 0.2917942708333333 0.16175 0.029161458333333338 0.04798148148148147
0 0.340984375 0.1396574074074074 0.021833333333333312 0.044203703703703696
0 0.2924817708333334 0.09913888888888889 0.023265624999999977 0.03857407407407409
0 0.33515104166666665 0.09839351851851852 0.023135416666666703 0.036916666666666674
0 0.389953125 0.11233796296296296 0.024104166666666652 0.038935185185185184
0 0.3245416666666667 0.048541666666666664 0.01721874999999997 0.03023148148148148
0 0.3575026041666666 0.04212962962962963 0.016869791666666658 0.026296296296296297
0 0.31387760416666666 0.0051111111111111105 0.01193229166666665 0.010222222222222221
0 0.24140885416666666 0.15926388888888887 0.02928645833333334 0.057490740740740745
