0 0.33450781250000006 0.2679398148148148 0.037171875 0.07197222222222224
0 0.33163020833333334 0.18583333333333332 0.03039583333333334 0.054499999999999986
0 0.33665364583333335 0.11318055555555555 0.02354687500000002 0.04262037037037037
0 0.38933072916666667 0.10791666666666666 0.025901041666666676 0.042518518518518504
1 0.29254687500000004 0.08617129629629629 0.02660416666666669 0.0494537037037037
0 0.364890625 0.06587037037037037 0.019791666666666666 0.03174074074074074
0 0.32742968749999996 0.061250000000000006 0.019869791666666654 0.03246296296296297
0 0.293578125 0.04075925925925926 0.01651041666666663 0.026370370370370367
0 0.3189895833333333 0.022865740740740742 0.01224999999999999 0.02130555555555556
0 0.293375 0.019782407407407405 0.013437499999999976 0.021305555555555553
0 0.3187161458333333 0.010402777777777776 0.014390624999999997 0.017064814814814814
0 0.3412864583333333 0.00900462962962963 0.013312499999999972 0.015009259259259257
0 0.24152343750000002 0.15844907407407408 0.029286458333333314 0.05749074074074072
0 0.18517968749999997 0.8688703703703704 0.13343229166666667 0.26225925925925925
0 0.4919921875 0.8645185185185186 0.10823437499999997 0.27096296296296296
