0 0.3338098958333333 0.12791203703703705 0.024671875000000003 0.044287037037037034
0 0.32674739583333334 0.08906018518518519 0.02120312500000002 0.036972222222222226
0 0.32726302083333336 0.05144907407407407 0.017484375000000028 0.03187962962962963
0 0.3625520833333333 0.04809259259259259 0.018833333333333317 0.030018518518518528
1 0.29205729166666666 0.04240277777777778 0.021333333333333353 0.039046296296296294
0 0.34796874999999994 0.02322222222222222 0.015312499999999988 0.024537037037037038
0 0.31911718749999995 0.017833333333333333 0.014942708333333303 0.022574074074074073
0 0.29346093749999996 0.014004629629629629 0.012807291666666684 0.02139814814814815
0 0.3145572916666667 0.0039259259259259265 0.009635416666666667 0.007851851851851853
0 0.24184895833333334 0.1568287037037037 0.02929166666666667 0.05749074074074072
0 0.3305052083333333 0.2991898148148148 0.041604166666666664 0.08286111111111112
0 0.48559114583333335 0.5483148148148149 0.06789062500000001 0.18070370370370367
0 0.5333046874999999 0.9332592592592593 0.10640104166666665 0.13348148148148145
