0 0.3280338541666667 0.31989814814814815 0.04317187499999999 0.08409259259259258
0 0.3309296875 0.217375 0.03331770833333335 0.06243518518518519
0 0.33811458333333333 0.1310046296296296 0.025520833333333333 0.04721296296296296
0 0.39685677083333337 0.12505092592592593 0.02786979166666666 0.04575
1 0.2924166666666667 0.0976111111111111 0.028208333333333318 0.05233333333333334
0 0.3699921875 0.07662962962962963 0.02130729166666671 0.035333333333333335
0 0.3299166666666667 0.07448148148148148 0.020750000000000015 0.03455555555555555
0 0.2937135416666667 0.04733333333333333 0.0168229166666667 0.027222222222222214
0 0.32083854166666664 0.028796296296296296 0.012239583333333333 0.022925925925925923
0 0.2932760416666667 0.02465740740740741 0.013437499999999976 0.022351851851851852
0 0.32007552083333335 0.013861111111111112 0.01495312499999996 0.02022222222222222
0 0.3438984375 0.013189814814814816 0.014182291666666676 0.02037962962962963
0 0.24150260416666666 0.15858796296296293 0.02928645833333334 0.057490740740740745
0 0.4909036458333334 0.9230833333333334 0.1022447916666667 0.15383333333333332
