0 0.2775989583333333 0.5482453703703704 0.07861458333333336 0.1574351851851852
0 0.3203229166666667 0.3350370370370371 0.047187500000000014 0.09181481481481484
0 0.34069791666666666 0.19127777777777777 0.031593750000000045 0.05964814814814814
0 0.41869791666666667 0.17733796296296298 0.033218749999999984 0.05741666666666666
1 0.2909036458333334 0.1333240740740741 0.032369791666666654 0.06401851851851852
0 0.385484375 0.1095787037037037 0.024989583333333343 0.04087962962962962
0 0.3364609375 0.11414351851851852 0.024880208333333324 0.04315740740740742
0 0.2935703125 0.06751388888888889 0.019078124999999998 0.03230555555555555
0 0.32496614583333333 0.04712037037037037 0.014546874999999975 0.02640740740740741
0 0.29230989583333333 0.03847222222222222 0.01668229166666665 0.0265
0 0.32396614583333333 0.0287962962962963 0.016421874999999985 0.024037037037037034
0 0.3527005208333333 0.031504629629629625 0.015557291666666669 0.024472222222222225
0 0.3175026041666667 0.00825925925925926 0.01374479166666666 0.01651851851851852
0 0.24145052083333335 0.15895833333333334 0.029286458333333314 0.057490740740740745
