0 0.33423437500000003 0.1324212962962963 0.02507291666666666 0.04519444444444443
0 0.32714322916666666 0.09250462962962963 0.021515624999999972 0.037675925925925925
0 0.32771614583333336 0.053875 0.017598958333333314 0.032361111111111104
0 0.36354166666666665 0.05053703703703703 0.019020833333333324 0.0305
1 0.29210937499999995 0.04431944444444444 0.02141666666666667 0.039435185185185184
0 0.34869791666666666 0.02514814814814815 0.015312500000000047 0.02472222222222222
0 0.3194661458333333 0.019833333333333335 0.015182291666666714 0.022833333333333334
0 0.29349739583333334 0.01525462962962963 0.012984375000000032 0.02200925925925926
0 0.31471354166666665 0.004458333333333334 0.009947916666666619 0.008916666666666668
0 0.24180729166666665 0.15700462962962963 0.02929166666666667 0.057490740740740745
0 0.32918749999999997 0.3106527777777778 0.042739583333333366 0.08576851851851851
0 0.4860833333333333 0.5566666666666668 0.068875 0.18407407407407408
0 0.5332291666666666 0.9393888888888888 0.10406250000000003 0.12122222222222219
