0 0.33464322916666667 0.13724074074074075 0.025473958333333376 0.04601851851851851
0 0.32754947916666666 0.0961111111111111 0.021859375000000014 0.03825925925925925
0 0.32816666666666666 0.056393518518518516 0.01782291666666668 0.03284259259259259
0 0.36456770833333335 0.05300462962962963 0.019302083333333307 0.0309537037037037
1 0.29215885416666665 0.046106481481481484 0.02158854166666663 0.039824074074074074
0 0.3493776041666667 0.027018518518518518 0.015463541666666636 0.025018518518518516
0 0.31975000000000003 0.02168981481481481 0.015427083333333336 0.023305555555555555
0 0.29354687499999993 0.016527777777777777 0.013072916666666679 0.02231481481481481
0 0.31488802083333334 0.0049722222222222225 0.01011979166666664 0.009944444444444445
0 0.24176822916666665 0.15718055555555555 0.02928645833333334 0.057490740740740745
0 0.32739583333333333 0.3234768518518519 0.044302083333333304 0.08928703703703704
0 0.48663802083333335 0.5656944444444445 0.07088020833333335 0.18859259259259253
