0 0.49436197916666663 0.6037546296296297 0.07585937499999999 0.20223148148148146
1 0.18572656250000003 0.5181574074074075 0.10868229166666668 0.20653703703703705
0 0.4704583333333333 0.3288333333333333 0.04645833333333336 0.09624074074074074
0 0.245390625 0.7657685185185185 0.1176145833333333 0.2725370370370371
0 0.2861536458333333 0.22199537037037037 0.03557812500000003 0.06023148148148146
0 0.34518229166666664 0.19997222222222222 0.027281250000000055 0.05568518518518517
0 0.29231250000000003 0.132875 0.026125000000000044 0.044879629629629644
0 0.33898958333333334 0.1387175925925926 0.02660416666666663 0.04452777777777779
0 0.409390625 0.15636111111111112 0.02936458333333333 0.04701851851851852
0 0.32712239583333336 0.07159259259259258 0.020192708333333323 0.035148148148148144
0 0.3692317708333333 0.06762037037037037 0.0188489583333333 0.03094444444444444
0 0.3160598958333333 0.012037037037037037 0.014557291666666632 0.023018518518518518
0 0.24140885416666666 0.15926388888888887 0.02928645833333334 0.057490740740740745
