0 0.49542708333333335 0.8487962962962964 0.1053541666666666 0.3024074074074074
1 0.0725390625 0.8277777777777777 0.145078125 0.34444444444444444
0 0.4834791666666666 0.3982037037037037 0.052791666666666674 0.11875925925925924
0 0.27332291666666664 0.293162037037037 0.04453125 0.07669444444444443
0 0.3433802083333333 0.27599074074074076 0.034083333333333306 0.07218518518518521
0 0.29067708333333336 0.17134722222222223 0.030562500000000034 0.053916666666666654
0 0.34072656249999994 0.18499074074074076 0.03135937499999996 0.05437037037037037
0 0.4291015625 0.19973148148148148 0.03444270833333339 0.05577777777777779
0 0.32974479166666665 0.09581944444444444 0.022916666666666665 0.040064814814814824
0 0.38100520833333335 0.09420370370370369 0.02202083333333332 0.035444444444444445
0 0.3185755208333333 0.024555555555555556 0.015609375000000014 0.026166666666666664
0 0.24140885416666666 0.15926388888888887 0.02928645833333334 0.057490740740740745
