0 0.3222552083333333 0.042 0.01778124999999999 0.029037037037037035
0 0.7742031249999999 0.7447685185185186 0.12463541666666664 0.2553333333333333
0 0.31881770833333334 0.020814814814814814 0.015156249999999953 0.024814814814814817
0 0.31826562499999994 0.006083333333333334 0.012708333333333321 0.012166666666666668
1 0.292796875 0.008296296296296296 0.01423958333333335 0.016592592592592593
0 0.08911718750000001 0.7495046296296296 0.151046875 0.2804351851851852
0 0.24101822916666665 0.14843055555555557 0.02928645833333334 0.057490740740740745
0 0.28552083333333333 0.2516203703703704 0.04229166666666663 0.0713148148148148
0 0.33427343750000005 0.11804166666666668 0.02503645833333336 0.04369444444444445
0 0.47794010416666666 0.42468981481481477 0.0564114583333333 0.13695370370370372
0 0.5096666666666666 0.6457222222222222 0.08439583333333331 0.22162962962962954
