0 0.33109635416666666 0.2962222222222222 0.04038020833333332 0.07848148148148147
0 0.3312890625 0.20306944444444444 0.03195312500000001 0.05874999999999999
0 0.3375208333333333 0.12296296296296294 0.024583333333333297 0.045074074074074065
0 0.3934635416666667 0.11733333333333333 0.02698958333333336 0.04437037037037037
1 0.29248437499999996 0.0925 0.02748958333333338 0.051
0 0.36767968749999996 0.07183333333333333 0.02059895833333337 0.03359259259259259
0 0.32880208333333333 0.06844444444444445 0.020395833333333318 0.03366666666666666
0 0.293640625 0.04440740740740741 0.01671875000000001 0.026851851851851852
0 0.3199635416666667 0.026111111111111113 0.012239583333333333 0.022296296296296297
0 0.2933229166666667 0.022490740740740738 0.013437500000000036 0.02188888888888889
0 0.31947135416666667 0.012324074074074072 0.01470312500000001 0.018814814814814815
0 0.3427369791666666 0.011328703703703704 0.013796875000000005 0.01799074074074074
0 0.24151302083333331 0.15852314814814814 0.02928645833333334 0.057490740740740745
0 0.14364062500000002 0.9459305555555556 0.13828125 0.10813888888888885
0 0.49141666666666667 0.8945277777777777 0.10941666666666663 0.2109444444444445
