0 0.26480989583333336 0.6397361111111111 0.09609895833333336 0.20149074074074075
0 0.47790104166666664 0.39771759259259254 0.053718749999999996 0.12149074074074072
1 0.2639869791666667 0.30183333333333334 0.06003645833333333 0.11542592592592595
0 0.4442161458333333 0.23925 0.03946354166666666 0.0715
0 0.33646614583333334 0.34013888888888894 0.04879687500000003 0.09862962962962966
0 0.292421875 0.14885648148148148 0.027510416666666693 0.04513888888888889
0 0.3394140625 0.1268564814814815 0.020651041666666654 0.041305555555555554
0 0.2925026041666667 0.09132407407407407 0.022609374999999984 0.03699999999999999
0 0.3340182291666667 0.089625 0.022348958333333318 0.03515740740740741
0 0.3853385416666667 0.1025787037037037 0.023052083333333327 0.03708333333333333
0 0.3237526041666667 0.04349537037037037 0.01683854166666663 0.029212962962962965
0 0.35490625 0.03654629629629629 0.01627083333333334 0.025722222222222223
0 0.24140885416666666 0.15926388888888887 0.02928645833333334 0.057490740740740745
