0 0.16980729166666667 0.9059675925925925 0.14503125 0.18806481481481482
0 0.48649739583333335 0.47188425925925925 0.061338541666666656 0.14791666666666667
1 0.239734375 0.3756157407407407 0.0760729166666667 0.1455833333333333
0 0.45771614583333337 0.2777824074074074 0.043359375 0.08265740740740739
0 0.3172239583333333 0.46399074074074076 0.06582291666666666 0.13864814814814816
0 0.29079427083333337 0.17773148148148146 0.03102604166666669 0.05142592592592592
0 0.34265104166666666 0.15557407407407406 0.023343749999999965 0.047592592592592596
0 0.29246093749999996 0.10865277777777778 0.02407812500000001 0.04058333333333332
0 0.33643489583333336 0.1091712962962963 0.02396354166666666 0.03917592592592593
0 0.3954661458333334 0.12433333333333334 0.025630208333333293 0.04114814814814815
0 0.32539322916666674 0.05488888888888889 0.01790104166666667 0.03137037037037037
0 0.36075260416666666 0.04902777777777778 0.017390624999999993 0.027240740740740736
0 0.3144036458333333 0.006805555555555555 0.012734375000000023 0.01361111111111111
0 0.24140885416666666 0.15926388888888887 0.02928645833333334 0.057490740740740745
