0 0.32503125 0.056740740740740744 0.018520833333333365 0.030907407407407404
0 0.7191432291666667 0.886361111111111 0.131515625 0.2272777777777778
0 0.3201536458333333 0.03293055555555555 0.01611979166666663 0.027046296296296297
0 0.3202395833333333 0.012972222222222222 0.014270833333333321 0.019796296296296294
0 0.3461796875 0.011074074074074075 0.01488020833333336 0.017296296296296296
1 0.2928984375 0.013328703703703704 0.015640624999999984 0.026657407407407407
0 0.24144270833333334 0.15132870370370372 0.02929166666666667 0.057490740740740745
0 0.2690572916666667 0.3267824074074074 0.053885416666666686 0.08976851851851851
0 0.3363567708333334 0.14557407407407408 0.027328124999999957 0.0496111111111111
0 0.47842187499999994 0.4399166666666667 0.05802083333333332 0.1418888888888889
0 0.5135833333333333 0.6941157407407407 0.08984374999999994 0.24576851851851858
