0 0.3252786458333334 0.058069444444444444 0.01856770833333332 0.031046296296296298
0 0.7161562499999999 0.8953379629629629 0.127625 0.2093240740740741
0 0.3202760416666667 0.03403703703703703 0.01619791666666668 0.027259259259259257
0 0.3203854166666667 0.013657407407407408 0.014375000000000011 0.020277777777777777
0 0.346484375 0.011703703703703704 0.015031249999999947 0.01785185185185185
1 0.292859375 0.013777777777777778 0.01573958333333335 0.027555555555555555
0 0.24144270833333334 0.1515787037037037 0.02929166666666667 0.057490740740740745
0 0.2672421875 0.33422222222222225 0.05506770833333334 0.09174074074074072
0 0.3365234375 0.1482222222222222 0.027536458333333277 0.05029629629629632
0 0.478453125 0.44126388888888884 0.05817708333333336 0.14232407407407405
0 0.5139661458333333 0.6989861111111111 0.09042187499999994 0.248212962962963
