0 0.32870052083333334 0.08066666666666666 0.02016145833333335 0.03531481481481481
0 0.3223203125 0.052231481481481476 0.018046874999999987 0.0305
0 0.3226822916666666 0.02500462962962963 0.015812500000000007 0.02680555555555555
0 0.3514375 0.022148148148148146 0.01690625000000002 0.025574074074074072
1 0.29238541666666673 0.021782407407407407 0.01764583333333333 0.03475
0 0.34048958333333335 0.006921296296296296 0.013208333333333341 0.013842592592592592
0 0.24115104166666665 0.15330092592592592 0.02929166666666667 0.057490740740740745
0 0.21194791666666665 0.5038750000000001 0.08773958333333336 0.1534907407407408
0 0.3379114583333333 0.19164814814814818 0.03125 0.05805555555555557
0 0.48006770833333334 0.46933796296296293 0.06037500000000004 0.15441666666666665
0 0.5196848958333333 0.8012037037037036 0.1013489583333333 0.298425925925926
