0 0.2993098958333333 0.46565277777777775 0.06424479166666668 0.12962037037037033
0 0.3251354166666667 0.2960925925925926 0.04241666666666669 0.08185185185185188
0 0.340453125 0.17343981481481482 0.029770833333333316 0.05599074074074074
0 0.4126536458333333 0.1624212962962963 0.03203645833333333 0.054416666666666676
1 0.29146614583333336 0.1227314814814815 0.031078125000000036 0.06092592592592591
0 0.38108593749999997 0.10008796296296296 0.024026041666666664 0.038805555555555565
0 0.3348802083333334 0.10236574074074074 0.023781249999999983 0.040361111111111105
0 0.2934114583333333 0.06196759259259259 0.018593750000000023 0.030787037037037036
0 0.3236848958333333 0.041990740740740745 0.014036458333333357 0.02564814814814815
0 0.2924348958333333 0.0344212962962963 0.015859375000000023 0.025138888888888888
0 0.3229036458333333 0.02449074074074074 0.015963541666666654 0.023240740740740742
0 0.35028645833333333 0.026157407407407407 0.015104166666666667 0.023796296296296298
0 0.3170390625 0.006833333333333334 0.013015625000000005 0.013666666666666667
0 0.24146354166666667 0.15886574074074072 0.02929166666666667 0.057490740740740745
