0 0.3016536458333333 0.45508796296296294 0.062494791666666674 0.12634259259259265
0 0.325625 0.29070833333333335 0.04163541666666663 0.08036111111111113
0 0.3403932291666667 0.17056944444444444 0.029463541666666693 0.05537962962962963
0 0.41166145833333334 0.15997685185185184 0.03186458333333337 0.05397222222222221
1 0.2915625 0.12100462962962963 0.030875000000000045 0.060398148148148166
0 0.3803645833333333 0.09853703703703703 0.023875000000000018 0.038444444444444455
0 0.33461197916666663 0.10045833333333334 0.023588541666666706 0.03989814814814814
0 0.2933854166666666 0.06107407407407408 0.018520833333333365 0.030481481481481484
0 0.3234739583333333 0.04116666666666667 0.01394791666666671 0.025555555555555554
0 0.2924557291666667 0.03375 0.015713541666666705 0.024907407407407406
0 0.3227265625 0.023796296296296295 0.015880208333333336 0.023111111111111114
0 0.34989062499999996 0.02525925925925926 0.015031250000000006 0.023703703703703703
0 0.3169661458333334 0.006606481481481481 0.012869791666666627 0.013212962962962963
0 0.24146614583333334 0.15884722222222222 0.02928645833333334 0.057490740740740745
