0 0.25329427083333333 0.6807500000000001 0.10390104166666671 0.22022222222222226
0 0.4794296875 0.4082824074074074 0.05476562500000005 0.12502777777777777
1 0.2608697916666667 0.3118796296296297 0.062052083333333355 0.11914814814814816
0 0.4463619791666667 0.2449953703703704 0.04003645833333334 0.07310185185185183
0 0.33475 0.3553472222222222 0.05089583333333335 0.10349074074074077
0 0.29225 0.15290277777777778 0.027947916666666708 0.04597222222222223
0 0.33992968749999997 0.13096296296296295 0.020984374999999982 0.04218518518518519
0 0.2925234375 0.09378703703703703 0.022848958333333336 0.03757407407407407
0 0.334390625 0.09246759259259259 0.02265625 0.03573148148148148
0 0.3868489583333333 0.10577777777777778 0.023354166666666624 0.03775925925925926
0 0.32401822916666667 0.045115740740740734 0.016973958333333292 0.029601851851851844
0 0.3557239583333333 0.038425925925925926 0.01651041666666669 0.026
0 0.31362500000000004 0.004194444444444445 0.011427083333333303 0.00838888888888889
0 0.24140885416666666 0.15926388888888887 0.02928645833333334 0.057490740740740745
