0 0.3096015625 0.45642129629629635 0.06401562499999998 0.13426851851851856
0 0.4662838541666667 0.33496296296296296 0.0477447916666667 0.10125925925925927
1 0.2779765625 0.24868518518518518 0.0498697916666667 0.09790740740740739
0 0.4300104166666667 0.20385185185185184 0.03604166666666669 0.06296296296296296
0 0.34220833333333334 0.2612083333333334 0.03958333333333333 0.07687962962962963
0 0.293140625 0.1256898148148148 0.025343749999999984 0.04095370370370372
0 0.33630208333333333 0.10333333333333333 0.019083333333333327 0.03685185185185185
0 0.2921223958333333 0.07700925925925926 0.021088541666666672 0.03364814814814815
0 0.33175000000000004 0.07237962962962963 0.02041666666666663 0.03175925925925925
0 0.37631770833333333 0.08302777777777778 0.02109375 0.03298148148148149
0 0.3219609375 0.03358333333333333 0.01611979166666663 0.02631481481481481
0 0.35022135416666667 0.024888888888888887 0.014619791666666692 0.02351851851851852
0 0.24140885416666666 0.15926388888888887 0.02928645833333334 0.057490740740740745
