0 0.182796875 0.8624074074074074 0.13430208333333335 0.27518518518518525
0 0.295859375 0.4651203703703704 0.06609374999999999 0.13448148148148154
0 0.34021614583333337 0.2426574074074074 0.036317708333333344 0.0713148148148148
0 0.4338723958333333 0.2168425925925926 0.03751562499999998 0.0677962962962963
1 0.289734375 0.16157407407407406 0.035989583333333346 0.07148148148148147
0 0.39730989583333337 0.1343148148148148 0.028140624999999985 0.04664814814814815
0 0.33952604166666667 0.14749537037037036 0.02808333333333337 0.05075
0 0.2938177083333333 0.08287037037037037 0.020749999999999956 0.03333333333333333
0 0.32834635416666663 0.06141203703703704 0.015546875000000012 0.030324074074074073
0 0.29217447916666667 0.048541666666666664 0.017734374999999976 0.028935185185185185
0 0.32641927083333333 0.04034722222222222 0.017317708333333334 0.026250000000000002
0 0.35904166666666665 0.0449212962962963 0.017489583333333295 0.027268518518518522
0 0.31901562499999997 0.013402777777777777 0.013895833333333366 0.02263888888888889
0 0.3405234375 0.0068472222222222216 0.01239062500000004 0.013694444444444443
0 0.2414192708333333 0.15918055555555558 0.029286458333333314 0.057490740740740745
