0 0.33171875000000006 0.10625 0.022729166666666658 0.04014814814814816
0 0.32481770833333334 0.07232407407407407 0.019760416666666693 0.03387037037037038
0 0.3251614583333333 0.03977777777777778 0.01683333333333336 0.02966666666666666
0 0.35769010416666663 0.03634259259259259 0.017817708333333352 0.02816666666666667
1 0.2919296875 0.033125 0.02052604166666671 0.03682407407407407
0 0.3445729166666666 0.014439814814814815 0.015031250000000006 0.02252777777777778
0 0.3177786458333333 0.009444444444444445 0.013432291666666648 0.01888888888888889
0 0.2931927083333334 0.008324074074074074 0.011906250000000007 0.016648148148148148
0 0.24141145833333333 0.15520833333333334 0.02929166666666667 0.05749074074074072
0 0.08440104166666668 0.8257777777777777 0.16307291666666668 0.29622222222222216
0 0.3358177083333333 0.24818055555555557 0.03634374999999999 0.06980555555555557
0 0.4830963541666667 0.5094166666666667 0.06365104166666663 0.16564814814814813
0 0.5310494791666667 0.8795000000000001 0.11850520833333338 0.24099999999999996
