0 0.33543489583333336 0.14750925925925926 0.026265624999999973 0.047481481481481486
0 0.3283828125 0.10362962962962961 0.022609375000000043 0.03922222222222222
0 0.3290625 0.06161574074074074 0.018489583333333334 0.033805555555555554
0 0.3666927083333333 0.05798611111111111 0.020052083333333335 0.03180555555555555
1 0.29225260416666665 0.049421296296296297 0.022109375000000025 0.04060185185185185
0 0.3506380208333333 0.030648148148148143 0.016067708333333344 0.025833333333333333
0 0.3201875 0.02511574074074074 0.015927083333333297 0.024675925925925928
0 0.29367187499999997 0.01912037037037037 0.013072916666666679 0.022314814814814815
0 0.31527343750000003 0.0059722222222222225 0.010182291666666702 0.011944444444444445
0 0.2416875 0.15754166666666666 0.02929166666666667 0.057490740740740745
0 0.32286458333333334 0.3518425925925926 0.048302083333333336 0.09753703703703706
0 0.48756510416666665 0.5875925925925926 0.07273437500000005 0.19731481481481483
