0 0.49005208333333333 0.5223472222222222 0.06730208333333335 0.16752777777777778
1 0.22062500000000002 0.4279861111111111 0.08810416666666668 0.16595370370370371
0 0.4638072916666667 0.29994907407407406 0.04517708333333334 0.08719444444444441
0 0.2964921875 0.5625 0.0803802083333333 0.1764074074074074
0 0.289296875 0.19497685185185185 0.03226041666666664 0.05465740740740741
0 0.343875 0.17326851851851852 0.024906249999999967 0.05057407407407408
0 0.2925703125 0.11853703703703705 0.025098958333333362 0.043240740740740746
0 0.33760156249999995 0.1209675925925926 0.024765625000000034 0.041898148148148164
0 0.401171875 0.13762037037037037 0.027708333333333356 0.04374074074074073
0 0.32608593750000003 0.062115740740740735 0.01921354166666666 0.032601851851851854
0 0.36434374999999997 0.056967592592592584 0.01764583333333333 0.029249999999999998
0 0.31515364583333333 0.008749999999999999 0.01334895833333333 0.017499999999999998
0 0.24140885416666666 0.15926388888888887 0.02928645833333334 0.057490740740740745
