0 0.15729166666666666 0.9051851851851852 0.1371875 0.1896296296296296
0 0.2880989583333333 0.4995694444444444 0.07169791666666668 0.1461944444444445
0 0.33948177083333336 0.256125 0.03756770833333333 0.0751759259259259
0 0.4371302083333333 0.22595370370370368 0.03834375 0.06990740740740738
1 0.289453125 0.16803240740740744 0.03671875 0.0733425925925926
0 0.40012760416666665 0.13975462962962965 0.028911458333333327 0.04871296296296298
0 0.3400963541666666 0.1554398148148148 0.02922395833333334 0.05263888888888891
0 0.29380989583333333 0.08625925925925926 0.021109374999999986 0.033999999999999996
0 0.3291510416666667 0.06453703703703705 0.015781249999999976 0.031074074074074077
0 0.29220572916666665 0.050833333333333335 0.01785937499999998 0.029296296296296296
0 0.3269348958333333 0.042777777777777776 0.017630208333333345 0.026777777777777775
0 0.3604765625 0.04818981481481482 0.018088541666666676 0.027787037037037034
0 0.319375 0.014888888888888887 0.01395833333333337 0.02311111111111111
0 0.3412369791666666 0.0077916666666666655 0.012651041666666706 0.015583333333333331
0 0.2414140625 0.15923148148148147 0.02928645833333334 0.05750000000000002
