0 0.3282421875 0.07727777777777778 0.019786458333333336 0.03457407407407406
0 0.3219713541666666 0.049601851851851855 0.01778645833333332 0.029981481481481484
0 0.3223177083333333 0.02290277777777778 0.015687500000000004 0.026342592592592595
0 0.35058333333333336 0.02022222222222222 0.016885416666666705 0.02494444444444445
1 0.2924791666666666 0.02025462962962963 0.017166666666666625 0.03473148148148149
0 0.33988541666666666 0.0061342592592592594 0.012875000000000015 0.012268518518518519
0 0.2411953125 0.15311574074074075 0.029286458333333314 0.057490740740740745
0 0.22283072916666666 0.473412037037037 0.08118229166666667 0.14075
0 0.33789583333333334 0.185125 0.030656250000000006 0.05662037037037035
0 0.47971874999999997 0.4643287037037037 0.059968749999999994 0.15336111111111106
0 0.5182968750000001 0.7845416666666667 0.09927083333333335 0.28984259259259265
