0 0.33642187500000004 0.16034722222222222 0.027260416666666683 0.049305555555555554
0 0.3294244791666667 0.11302777777777777 0.02354687500000002 0.040425925925925935
0 0.3301822916666667 0.06814351851851852 0.01932291666666668 0.03500925925925926
0 0.3693489583333333 0.06421296296296296 0.020989583333333308 0.03287037037037036
1 0.29236979166666666 0.05356481481481481 0.02276041666666669 0.041574074074074076
0 0.3522161458333333 0.03518518518518519 0.016817708333333313 0.026851851851851852
0 0.32073437499999996 0.02939814814814815 0.016552083333333377 0.02638888888888889
0 0.29382812500000005 0.022361111111111113 0.013072916666666679 0.022314814814814815
0 0.3157552083333333 0.007222222222222222 0.01026041666666669 0.014444444444444444
0 0.24158854166666668 0.1579861111111111 0.02929166666666667 0.05749074074074072
0 0.31612760416666663 0.3907962962962963 0.05329687500000002 0.10785185185185187
0 0.48872395833333326 0.6149722222222223 0.07505208333333334 0.20820370370370372
