0 0.17263020833333334 0.8745833333333333 0.1443229166666667 0.2508333333333333
0 0.32585937500000006 0.3708564814814815 0.05124999999999999 0.10712037037037037
0 0.457484375 0.2959212962962963 0.04443749999999997 0.08939814814814816
1 0.2835598958333333 0.21914351851851852 0.0444322916666667 0.08839814814814817
0 0.4198541666666667 0.18152314814814816 0.03388541666666664 0.057731481481481474
0 0.342765625 0.22017129629629628 0.035416666666666666 0.06812037037037036
0 0.293359375 0.11131481481481481 0.02326041666666671 0.03837037037037037
0 0.3342708333333333 0.08995833333333333 0.017989583333333375 0.03432407407407407
0 0.2919348958333333 0.0677824074074074 0.020213541666666637 0.032601851851851854
0 0.33023437499999997 0.06168518518518519 0.019791666666666666 0.029925925925925925
0 0.37102083333333336 0.07087500000000001 0.019500000000000028 0.031231481481481478
0 0.3209192708333333 0.026930555555555555 0.015671875000000016 0.02506481481481481
0 0.3471666666666666 0.01811111111111111 0.014010416666666655 0.022518518518518518
0 0.24140885416666666 0.15926388888888887 0.02928645833333334 0.057490740740740745
