0 0.24588281250000002 0.6567453703703704 0.09743229166666666 0.19954629629629628
0 0.3131067708333333 0.3819490740740741 0.053005208333333324 0.10725000000000004
0 0.3403567708333333 0.21225462962962963 0.03334895833333332 0.06313888888888888
0 0.4251953125 0.1935462962962963 0.035161458333333326 0.06199999999999998
1 0.2904375 0.14497685185185183 0.03397916666666667 0.06693518518518518
0 0.390234375 0.12002314814814814 0.02623958333333339 0.04243518518518519
0 0.3378723958333333 0.12755555555555556 0.02574479166666664 0.04611111111111111
0 0.29374218750000003 0.07398611111111111 0.019796874999999995 0.032249999999999994
0 0.3263255208333334 0.05317592592592593 0.01495312499999996 0.028185185185185188
0 0.29218489583333335 0.042638888888888886 0.017244791666666613 0.027722222222222228
0 0.3250286458333333 0.033796296296296297 0.016671874999999996 0.024925925925925928
0 0.3553046875 0.036662037037037035 0.01611979166666663 0.025768518518518517
0 0.31811197916666667 0.010037037037037037 0.01377604166666669 0.020074074074074074
0 0.2414375 0.1590509259259259 0.02929166666666667 0.057490740740740745
