0 0.3295651041666667 0.30806018518518524 0.04177604166666669 0.08128703703703706
0 0.331109375 0.21022222222222223 0.03263541666666665 0.060592592592592594
0 0.3378177083333333 0.12698148148148147 0.025052083333333346 0.04614814814814815
0 0.3951614583333333 0.1211898148148148 0.027427083333333317 0.045064814814814814
1 0.29245052083333334 0.09505555555555555 0.027848958333333347 0.051666666666666666
0 0.3688359375 0.07423148148148148 0.02095312500000001 0.03446296296296296
0 0.329359375 0.07146296296296295 0.020572916666666666 0.034111111111111106
0 0.29367708333333337 0.04587037037037037 0.016770833333333356 0.02703703703703704
0 0.32040104166666666 0.027453703703703702 0.012239583333333333 0.02261111111111111
0 0.293296875 0.02356944444444444 0.013437499999999976 0.02212037037037037
0 0.31977343750000004 0.013092592592592593 0.014828125000000015 0.01951851851851852
0 0.34331770833333336 0.01225925925925926 0.01398958333333334 0.019185185185185187
0 0.2415078125 0.1585601851851852 0.02928645833333334 0.057490740740740745
0 0.4911614583333333 0.9088055555555555 0.10583333333333342 0.1823888888888889
