0 0.3374609375 0.18979629629629632 0.02986979166666668 0.05540740740740741
0 0.33070052083333334 0.13437037037037036 0.025786458333333328 0.04496296296296297
0 0.33229166666666665 0.08175462962962962 0.020624999999999952 0.036675925925925924
0 0.3756510416666667 0.07773148148148147 0.022135416666666668 0.035833333333333335
1 0.2924088541666666 0.06447685185185185 0.024036458333333323 0.04419444444444444
0 0.3563046875 0.04449074074074074 0.017703125000000004 0.02861111111111111
0 0.32297395833333337 0.03972222222222222 0.017072916666666653 0.02814814814814815
0 0.293984375 0.02837962962962963 0.014010416666666655 0.02361111111111111
0 0.316953125 0.012175925925925927 0.010989583333333346 0.01787037037037037
0 0.24156510416666668 0.15814351851851854 0.02928645833333334 0.057490740740740745
0 0.2944348958333333 0.4933657407407408 0.06730729166666664 0.1382685185185185
0 0.4920989583333333 0.6865555555555556 0.08309374999999998 0.24244444444444446
