0 0.3333932291666667 0.27845833333333336 0.03828645833333333 0.07428703703703705
0 0.33155989583333334 0.19234259259259262 0.03093229166666666 0.055981481481481486
0 0.3370755208333333 0.11692592592592593 0.023880208333333344 0.043481481481481475
0 0.39091666666666663 0.11155092592592591 0.026333333333333365 0.04332407407407408
1 0.2925364583333333 0.08866203703703704 0.026947916666666672 0.05000925925925927
0 0.3659453125 0.06823611111111111 0.02006770833333332 0.03228703703703704
0 0.3279661458333333 0.06391666666666666 0.020130208333333323 0.032999999999999995
0 0.29358593749999995 0.04221296296296296 0.016640624999999964 0.026574074074074073
0 0.3193072916666667 0.024097222222222225 0.012239583333333333 0.021824074074074076
0 0.2933541666666667 0.02087037037037037 0.013437499999999976 0.02153703703703704
0 0.3190182291666667 0.011175925925925926 0.014515625000000002 0.01775925925925926
0 0.3418671875 0.009935185185185186 0.013505208333333367 0.016203703703703703
0 0.24151822916666668 0.15847685185185184 0.029286458333333314 0.05749074074074072
0 0.16733072916666666 0.8965555555555556 0.14018229166666668 0.20688888888888893
0 0.4916744791666667 0.8750092592592592 0.11144270833333335 0.2499814814814815
