0 0.3366302083333333 0.1662361111111111 0.027781250000000018 0.05052777777777777
0 0.3296796875 0.1172962962962963 0.023994791666666633 0.04133333333333333
0 0.33060416666666664 0.07086574074074074 0.019583333333333286 0.03534259259259259
0 0.370609375 0.06691666666666668 0.021218750000000005 0.033462962962962965
1 0.2923776041666667 0.05574537037037037 0.02301562500000003 0.04210185185185185
0 0.3530338541666667 0.0370462962962963 0.016994791666666665 0.027203703703703706
0 0.3211822916666666 0.03146296296296296 0.016656250000000008 0.026740740740740742
0 0.29385937500000003 0.023564814814814813 0.013260416666666686 0.022574074074074076
0 0.31599479166666666 0.008212962962962962 0.01040625000000001 0.01512962962962963
0 0.24158333333333334 0.1580138888888889 0.029291666666666643 0.05749074074074072
0 0.312453125 0.4093009259259259 0.055489583333333314 0.1124722222222222
0 0.4893984375 0.629287037037037 0.07666145833333336 0.21505555555555556
