0 0.31827343750000003 0.020703703703703703 0.015598958333333298 0.025851851851851855
0 0.8696145833333333 0.5425138888888889 0.10797916666666664 0.17086111111111107
0 0.3173697916666666 0.007152777777777778 0.013229166666666655 0.014305555555555556
0 0.20015104166666667 0.808962962962963 0.1362708333333333 0.31161111111111117
0 0.226578125 0.4135972222222223 0.07406249999999999 0.13589814814814818
0 0.24036979166666667 0.1450787037037037 0.02929166666666667 0.05749074074074073
0 0.2953046875 0.16727777777777778 0.031015624999999977 0.05348148148148147
0 0.33012499999999995 0.08234722222222222 0.022104166666666637 0.03741666666666666
0 0.4758697916666667 0.39932870370370366 0.05396875 0.128787037037037
0 0.505625 0.589037037037037 0.07891666666666666 0.1986296296296296
