0 0.31945052083333336 0.027259259259259257 0.016328125000000013 0.026851851851851852
0 0.8376510416666666 0.5965277777777778 0.11343749999999998 0.1918888888888889
0 0.31783333333333336 0.010648148148148148 0.013999999999999997 0.01937037037037037
0 0.15743749999999998 0.8992222222222223 0.14164583333333333 0.20155555555555552
0 0.19532552083333332 0.4936851851851852 0.092578125 0.16379629629629627
0 0.24038541666666668 0.14598611111111112 0.02929166666666667 0.057490740740740745
0 0.29341927083333336 0.19153240740740743 0.03383854166666668 0.05849074074074073
0 0.3314635416666667 0.09330092592592593 0.023093750000000017 0.03962037037037036
0 0.47671874999999997 0.4076805555555555 0.05485416666666669 0.13141666666666668
0 0.5068177083333334 0.6059675925925926 0.08053125000000007 0.20447222222222225
