0 0.3291588541666667 0.08405555555555555 0.020536458333333365 0.036055555555555556
0 0.32266927083333335 0.05486111111111111 0.018307291666666656 0.031018518518518518
0 0.323046875 0.02710648148148148 0.01593749999999995 0.02726851851851852
0 0.35229166666666667 0.024074074074074074 0.016927083333333332 0.0262037037037037
1 0.29229166666666667 0.023310185185185187 0.018125000000000037 0.034768518518518525
0 0.34109375 0.007708333333333333 0.013541666666666667 0.015416666666666665
0 0.24110677083333334 0.1534861111111111 0.02928645833333334 0.057490740740740745
0 0.20060416666666664 0.5355787037037038 0.09430208333333333 0.1662314814814815
0 0.3379296875 0.1981712962962963 0.03184895833333332 0.05949074074074074
0 0.4804192708333333 0.4743472222222222 0.0607760416666667 0.15547222222222223
0 0.5210729166666667 0.8178703703703704 0.10342708333333335 0.30699999999999994
