0 0.49627604166666667 0.6584259259259259 0.08240625000000001 0.23020370370370372
1 0.16059375 0.5802222222222222 0.12422916666666667 0.23477777777777772
0 0.4740260416666667 0.34553703703703703 0.047781250000000004 0.10118518518518516
0 0.20634635416666666 0.8711666666666666 0.141203125 0.25766666666666665
0 0.28376822916666666 0.23890277777777777 0.037651041666666676 0.06397222222222222
0 0.3454869791666667 0.21745833333333334 0.029026041666666676 0.05930555555555554
0 0.29205729166666666 0.1420601851851852 0.027218749999999996 0.04650925925925925
0 0.33957552083333337 0.14992592592592593 0.027755208333333316 0.046592592592592616
0 0.4143359375 0.1672962962962963 0.03057812500000002 0.04896296296296296
0 0.3277395833333333 0.07760648148148148 0.020874999999999963 0.03643518518518518
0 0.37214583333333334 0.0741111111111111 0.019687499999999976 0.032074074074074074
0 0.316625 0.014962962962962963 0.01484375 0.023444444444444445
0 0.24140885416666666 0.15926388888888887 0.02928645833333334 0.057490740740740745
