0 0.14051562499999998 0.9505462962962962 0.12061458333333333 0.09890740740740746
0 0.31823697916666666 0.41400925925925924 0.05724479166666671 0.1206481481481481
0 0.4624973958333333 0.31710185185185186 0.046359374999999994 0.09557407407407405
1 0.2806666666666667 0.23472222222222222 0.0471979166666667 0.09325925925925928
0 0.42550781249999997 0.19370833333333332 0.03496354166666667 0.060583333333333315
0 0.3428046875 0.24149537037037036 0.03760937499999996 0.07319444444444442
0 0.29333072916666664 0.11903703703703704 0.024369791666666706 0.03974074074074076
0 0.33546875000000004 0.09722222222222222 0.018583333333333365 0.03574074074074073
0 0.29201822916666664 0.07280555555555555 0.020796874999999975 0.03324074074074074
0 0.3311145833333333 0.06739814814814814 0.020187499999999994 0.03083333333333333
0 0.37391145833333334 0.07749074074074074 0.020156250000000025 0.03235185185185185
0 0.32138802083333334 0.03054629629629629 0.01605729166666669 0.0255
0 0.3488880208333333 0.021814814814814818 0.014328124999999995 0.023148148148148147
0 0.24140885416666666 0.15926388888888887 0.02928645833333334 0.057490740740740745
