0 0.3257734375 0.06072222222222222 0.018661458333333294 0.03133333333333334
0 0.7069635416666666 0.9141805555555556 0.12934374999999995 0.1716388888888889
0 0.32052083333333337 0.03625 0.016354166666666656 0.027685185185185188
0 0.32067708333333333 0.01502314814814815 0.014583333333333334 0.021249999999999998
0 0.3470963541666666 0.012962962962962963 0.01533854166666663 0.01898148148148148
1 0.2927864583333334 0.014675925925925926 0.01593750000000001 0.02935185185185185
0 0.24144270833333334 0.15209259259259258 0.02929166666666667 0.057499999999999996
0 0.2636119791666667 0.34910648148148143 0.057432291666666656 0.09567592592592591
0 0.3368567708333333 0.15351388888888887 0.027953125000000037 0.05167592592592593
0 0.478515625 0.4439537037037037 0.05848958333333331 0.14320370370370367
0 0.514734375 0.7087268518518518 0.0915729166666667 0.25310185185185186
