0 0.33253645833333334 0.11438425925925925 0.023468749999999972 0.041564814814814804
0 0.3255625 0.07871296296296296 0.020260416666666656 0.03488888888888888
0 0.32590364583333337 0.04417129629629629 0.01714062500000004 0.03043518518518519
0 0.35958333333333337 0.04075925925925926 0.018270833333333354 0.028574074074074078
1 0.2919010416666667 0.03665277777777778 0.021083333333333343 0.037879629629629624
0 0.34578125000000004 0.017444444444444443 0.015312499999999988 0.02398148148148148
0 0.31807031249999995 0.011833333333333335 0.014223958333333364 0.021796296296296296
0 0.2933515625 0.010254629629629631 0.012276041666666633 0.019564814814814813
0 0.24165104166666668 0.15593055555555554 0.029291666666666643 0.05749074074074072
0 0.06073958333333333 0.8976712962962963 0.12147916666666667 0.20465740740740737
0 0.33445833333333336 0.2666898148148148 0.038197916666666686 0.07413888888888888
0 0.48411458333333335 0.5232546296296297 0.06493750000000004 0.17056481481481484
0 0.5328958333333333 0.8981944444444444 0.11493749999999997 0.2036111111111111
