0 0.1618125 0.9357407407407408 0.131125 0.12851851851851848
0 0.4876510416666667 0.4852962962962963 0.06304166666666665 0.15351851851851847
1 0.23482552083333333 0.38907407407407407 0.079421875 0.15140740740740738
0 0.45945572916666666 0.28411574074074075 0.04388020833333333 0.08395370370370372
0 0.3125703125 0.4894907407407407 0.069140625 0.14816666666666664
0 0.2903671875 0.182662037037037 0.03138020833333333 0.05234259259259259
0 0.34299999999999997 0.16062962962962962 0.02379166666666664 0.048444444444444436
0 0.2924921875 0.11147685185185185 0.024369791666666647 0.0413425925925926
0 0.33676822916666665 0.11254166666666666 0.024192708333333358 0.03995370370370371
0 0.39709635416666667 0.12812962962962962 0.026223958333333346 0.041888888888888885
0 0.3255911458333333 0.05695370370370371 0.018276041666666624 0.03172222222222222
0 0.36177864583333336 0.0512962962962963 0.01746354166666665 0.027814814814814813
0 0.3146171875 0.007361111111111112 0.012911458333333374 0.014722222222222223
0 0.24140885416666666 0.15926388888888887 0.02928645833333334 0.057490740740740745
