0 0.3280130208333334 0.07558333333333334 0.01959895833333333 0.0342037037037037
0 0.3217968749999999 0.048287037037037045 0.017656249999999988 0.029722222222222223
0 0.3221354166666667 0.02185185185185185 0.015625 0.026111111111111113
0 0.35015625 0.01925925925925926 0.016874999999999987 0.02462962962962963
1 0.2925260416666667 0.01949074074074074 0.016927083333333332 0.034722222222222224
0 0.33958333333333335 0.005740740740740741 0.01270833333333338 0.011481481481481481
0 0.24121874999999998 0.15302314814814813 0.02929166666666667 0.057490740740740745
0 0.2282734375 0.45818518518518514 0.0779010416666667 0.13437037037037036
0 0.33788802083333336 0.1818611111111111 0.03035937499999998 0.055907407407407406
0 0.4795416666666667 0.46181944444444445 0.05977083333333333 0.15284259259259253
0 0.5176041666666666 0.7762083333333334 0.09822916666666662 0.2855462962962963
