0 0.2522317708333333 0.6357638888888889 0.09375520833333333 0.19165740740740742
0 0.3145442708333333 0.37337037037037035 0.05175520833333334 0.10468518518518519
0 0.3404140625 0.20875925925925926 0.03305729166666668 0.06255555555555556
0 0.4241119791666667 0.19084722222222222 0.03483854166666666 0.06123148148148148
1 0.290515625 0.14303703703703705 0.03370833333333335 0.06644444444444446
0 0.38944270833333333 0.1182824074074074 0.02603125000000001 0.042175925925925936
0 0.3376354166666667 0.12531944444444446 0.02560416666666671 0.04562037037037037
0 0.2937135416666667 0.0729074074074074 0.01967708333333338 0.03225925925925926
0 0.32609895833333336 0.05216666666666667 0.014885416666666628 0.027888888888888894
0 0.2922057291666667 0.041944444444444444 0.01715104166666664 0.027518518518518515
0 0.32485156249999997 0.03296296296296296 0.016630208333333306 0.024777777777777777
0 0.35486979166666666 0.035805555555555556 0.016020833333333328 0.025555555555555554
0 0.31801041666666663 0.00974074074074074 0.013770833333333303 0.01948148148148148
0 0.24144010416666667 0.15904166666666666 0.02928645833333334 0.057490740740740745
