0 0.33523697916666667 0.14494444444444443 0.02606770833333331 0.047111111111111104
0 0.3281744791666667 0.10175000000000001 0.022421874999999977 0.03898148148148148
0 0.32883854166666665 0.06031018518518519 0.0183229166666667 0.03356481481481482
0 0.3661614583333333 0.056740740740740744 0.019864583333333328 0.031592592592592596
1 0.29222916666666665 0.04859259259259259 0.02197916666666663 0.040407407407407406
0 0.35032291666666665 0.029740740740740745 0.015916666666666638 0.02562962962962963
0 0.320078125 0.02425925925925926 0.01580208333333335 0.024333333333333335
0 0.293640625 0.018472222222222223 0.013072916666666679 0.022314814814814815
0 0.31517708333333333 0.005722222222222222 0.010166666666666657 0.011444444444444445
0 0.24170833333333333 0.1574490740740741 0.02929166666666667 0.057490740740740745
0 0.3239947916666666 0.3447546296296296 0.04730208333333336 0.09547222222222224
0 0.4873333333333333 0.5821203703703705 0.07227083333333333 0.19512962962962954
