0 0.23285677083333337 0.7514027777777779 0.11775520833333332 0.255212962962963
0 0.4813984375 0.42501388888888886 0.05639062499999999 0.13078703703703703
1 0.2554609375 0.32863888888888887 0.06560937500000001 0.12601851851851853
0 0.44956770833333337 0.2538148148148148 0.040968749999999984 0.07585185185185184
0 0.33131770833333335 0.3812314814814815 0.05476041666666672 0.11203703703703703
0 0.29190625000000003 0.15953703703703706 0.028854166666666656 0.047481481481481486
0 0.34072135416666666 0.1374814814814815 0.02161979166666672 0.04370370370370372
0 0.2924921875 0.09780092592592593 0.023161458333333346 0.03832407407407406
0 0.3349609375 0.09691203703703703 0.02301562500000003 0.036620370370370366
0 0.38917708333333334 0.11069907407407406 0.023916666666666645 0.03863888888888888
0 0.32440885416666665 0.047685185185185185 0.01716145833333336 0.030074074074074073
0 0.35705729166666667 0.0412037037037037 0.016781249999999956 0.02622222222222222
0 0.3138125 0.00487962962962963 0.011802083333333317 0.00975925925925926
0 0.24140885416666666 0.15926388888888887 0.02928645833333334 0.057490740740740745
