0 0.2823541666666667 0.5316111111111111 0.07575000000000003 0.15085185185185188
0 0.32140625 0.3275972222222222 0.04635416666666667 0.08924999999999998
0 0.34075520833333334 0.18778240740740743 0.031302083333333286 0.059064814814814806
0 0.4176145833333333 0.17463425925925924 0.03289583333333332 0.056657407407407406
1 0.2909817708333333 0.13137962962962962 0.03209895833333333 0.06353703703703703
0 0.38469270833333336 0.10783796296296297 0.024781249999999963 0.040620370370370376
0 0.3362265625 0.11190740740740741 0.024734375000000006 0.04266666666666668
0 0.29354166666666665 0.06643518518518518 0.01895833333333332 0.03231481481481482
0 0.32473958333333336 0.04611111111111111 0.014479166666666644 0.026111111111111106
0 0.2923307291666667 0.03777777777777778 0.01658854166666668 0.026296296296296293
0 0.3237890625 0.027962962962962967 0.0163802083333333 0.02388888888888889
0 0.352265625 0.03064814814814815 0.015468750000000024 0.02425925925925926
0 0.3174010416666667 0.007962962962962963 0.013739583333333331 0.015925925925925927
0 0.24145312500000002 0.1589398148148148 0.029291666666666643 0.05749074074074072
