0 0.20934635416666666 0.7799444444444444 0.12299479166666666 0.25759259259259265
0 0.33026822916666665 0.3415925925925926 0.04777604166666668 0.09816666666666665
0 0.4533203125 0.27958333333333335 0.0428072916666667 0.08496296296296295
1 0.2856458333333334 0.20738425925925924 0.04252083333333333 0.08502777777777776
0 0.41532031249999996 0.17204166666666668 0.03316145833333331 0.05550925925925925
0 0.34231510416666666 0.2048796296296296 0.03380729166666671 0.0638148148148148
0 0.2932734375 0.1054537037037037 0.022432291666666694 0.03735185185185186
0 0.33322916666666663 0.08434722222222223 0.017531249999999984 0.03317592592592592
0 0.29189322916666666 0.06389351851851852 0.0196302083333333 0.032009259259259265
0 0.32948177083333335 0.057388888888888885 0.01942187499999998 0.029333333333333326
0 0.3687708333333333 0.06574537037037037 0.01925000000000002 0.030157407407407414
0 0.3206796875 0.024134259259259258 0.015192708333333312 0.025027777777777777
0 0.3457604166666667 0.015222222222222224 0.01378125000000002 0.021925925925925925
0 0.24140885416666666 0.15926388888888887 0.02928645833333334 0.057490740740740745
