0 0.33762239583333337 0.22285185185185186 0.03305729166666668 0.06296296296296296
0 0.3313932291666667 0.15692129629629628 0.02833854166666665 0.04902777777777777
0 0.3340026041666667 0.09596296296296296 0.022453125000000008 0.03942592592592594
0 0.38197916666666665 0.09110648148148148 0.023822916666666673 0.03808333333333333
1 0.2924791666666666 0.07418518518518519 0.025020833333333374 0.04711111111111111
0 0.360171875 0.054282407407407404 0.01878124999999997 0.030527777777777775
0 0.32489583333333333 0.04972222222222222 0.018197916666666637 0.029481481481481484
0 0.29370312500000006 0.033671296296296296 0.01541666666666668 0.025194444444444443
0 0.317984375 0.01725925925925926 0.012208333333333361 0.018037037037037035
0 0.317265625 0.006634259259259259 0.013645833333333357 0.013268518518518518
0 0.3385338541666666 0.004476851851851852 0.012171875000000002 0.008953703703703703
0 0.24154427083333332 0.15828703703703703 0.02928645833333334 0.057499999999999996
0 0.257671875 0.6336712962962963 0.09029166666666665 0.19023148148148153
0 0.493203125 0.7799074074074074 0.09379166666666669 0.29657407407407416
