0 0.31849739583333336 0.377125 0.05111979166666666 0.10271296296296296
0 0.3288463541666667 0.25054629629629627 0.03669270833333336 0.07037037037037035
0 0.33945572916666666 0.1494675925925926 0.02733854166666667 0.05106481481481482
0 0.40403645833333335 0.1416851851851852 0.030031250000000044 0.0498888888888889
1 0.2921223958333333 0.10851851851851851 0.029463541666666634 0.05618518518518518
0 0.3749453125 0.08701388888888888 0.022630208333333356 0.036675925925925924
0 0.33230989583333337 0.08669444444444444 0.022067708333333335 0.036833333333333336
0 0.29346875 0.054018518518518514 0.01768750000000002 0.028518518518518516
0 0.32208854166666673 0.03477777777777778 0.013052083333333363 0.02440740740740741
0 0.29282552083333335 0.028935185185185185 0.014453125 0.023425925925925923
0 0.32136197916666664 0.018462962962962966 0.015359375000000005 0.021925925925925925
0 0.34677604166666665 0.01864814814814815 0.01459375000000005 0.022629629629629628
0 0.241484375 0.1587175925925926 0.02929166666666667 0.057490740740740745
