0 0.33091145833333335 0.09841203703703703 0.02201041666666666 0.03886111111111111
0 0.3240885416666667 0.06610185185185186 0.019302083333333307 0.03298148148148149
0 0.3244739583333333 0.03554166666666667 0.016500000000000032 0.028953703703703707
0 0.3558255208333333 0.03208333333333333 0.017338541666666707 0.02794444444444445
1 0.2920026041666667 0.029699074074074076 0.019838541666666685 0.03567592592592593
0 0.3434479166666667 0.011717592592592592 0.014656249999999992 0.020712962962962964
0 0.31762239583333335 0.007592592592592592 0.01253645833333336 0.015185185185185184
0 0.24117447916666668 0.1544861111111111 0.02928645833333334 0.05749074074074072
0 0.13396614583333336 0.7074074074074074 0.1348385416666667 0.24300000000000005
0 0.3367473958333333 0.23051388888888888 0.034630208333333336 0.0659537037037037
0 0.4820651041666667 0.4965324074074074 0.06258854166666665 0.1613425925925926
0 0.5273307291666666 0.8619814814814816 0.11285937499999997 0.276037037037037
