0 0.31809635416666665 0.01962037037037037 0.01551562499999998 0.02562962962962963
0 0.874671875 0.5349537037037037 0.10689583333333334 0.16800000000000004
0 0.3172291666666667 0.006611111111111111 0.013020833333333334 0.013222222222222222
0 0.20915885416666669 0.7802916666666666 0.13019270833333335 0.2984907407407407
0 0.2306640625 0.4019814814814815 0.07196354166666664 0.1319814814814815
0 0.24036197916666666 0.14489351851851853 0.02928645833333334 0.057490740740740745
0 0.29549479166666665 0.16363888888888892 0.030770833333333355 0.052925925925925925
0 0.32993489583333335 0.08062037037037037 0.0218385416666667 0.03711111111111111
0 0.47572135416666667 0.3979212962962963 0.05378645833333332 0.12837962962962962
0 0.5053619791666667 0.586662037037037 0.07869270833333329 0.19793518518518516
