0 0.32304166666666667 0.04608333333333333 0.018083333333333347 0.029703703703703708
0 0.7582447916666666 0.7913287037037037 0.12776041666666665 0.2755648148148148
0 0.3191770833333333 0.024092592592592593 0.015468749999999965 0.02537037037037037
0 0.3189791666666667 0.007666666666666666 0.013333333333333345 0.015333333333333332
0 0.343625 0.006078703703703704 0.013802083333333333 0.012157407407407408
1 0.29306250000000006 0.009712962962962963 0.01477083333333334 0.019425925925925926
0 0.06755729166666667 0.841125 0.13511458333333334 0.3055277777777779
0 0.24133593750000001 0.14926388888888886 0.02928645833333334 0.057490740740740745
0 0.2827005208333333 0.26893055555555556 0.04477604166666665 0.07480555555555553
0 0.3349609375 0.12478703703703702 0.025661458333333324 0.044537037037037035
0 0.47813541666666665 0.4290462962962963 0.0568020833333333 0.13835185185185186
0 0.5105885416666667 0.6564537037037037 0.08545833333333329 0.22688888888888886
