0 0.32251822916666667 0.04336111111111111 0.017880208333333297 0.02925925925925926
0 0.7689531249999999 0.7596157407407408 0.1256770833333333 0.2620833333333333
0 0.3189375 0.021907407407407403 0.015260416666666643 0.024999999999999998
0 0.31850260416666665 0.006611111111111111 0.012921874999999972 0.013222222222222222
0 0.3428072916666667 0.004902777777777778 0.013802083333333333 0.009805555555555555
1 0.2928854166666666 0.00876851851851852 0.01441666666666664 0.01753703703703704
0 0.07722135416666666 0.7849398148148148 0.15444270833333332 0.2928981481481481
0 0.24112499999999998 0.14870833333333336 0.02929166666666667 0.057490740740740745
0 0.28458072916666666 0.2573888888888889 0.04311979166666665 0.07248148148148148
0 0.33450260416666666 0.12029166666666666 0.02524479166666668 0.04397222222222222
0 0.4780052083333333 0.4261435185185185 0.056541666666666636 0.13741666666666674
0 0.5099739583333334 0.6493009259259259 0.08475000000000002 0.22337962962962962
