0 0.3300755208333333 0.09083333333333332 0.021286458333333334 0.03753703703703704
0 0.3233671875 0.060120370370370366 0.018828125000000046 0.03205555555555555
0 0.32377604166666674 0.031310185185185184 0.01618750000000002 0.028194444444444442
0 0.35400000000000004 0.027925925925925927 0.016968750000000022 0.027462962962962967
1 0.2921041666666666 0.02636574074074074 0.019083333333333327 0.03480555555555556
0 0.34230208333333334 0.009282407407407408 0.01420833333333332 0.018564814814814815
0 0.317375 0.005768518518518519 0.011604166666666653 0.011537037037037038
0 0.241015625 0.1538564814814815 0.02929166666666667 0.057490740740740745
0 0.171484375 0.6110185185185185 0.11195833333333334 0.1992592592592593
0 0.33754166666666663 0.21344444444444444 0.033041666666666636 0.06235185185185185
0 0.4811197916666667 0.48436574074074074 0.06158333333333334 0.15758333333333338
0 0.5240625 0.8450231481481482 0.10706250000000003 0.30995370370370373
