0 0.3348567708333333 0.2633379629629629 0.03675520833333336 0.07106481481481479
0 0.3316145833333334 0.18289814814814814 0.030197916666666675 0.053944444444444434
0 0.3363802083333333 0.11143981481481481 0.02344791666666666 0.04230555555555554
0 0.3885911458333334 0.1062175925925926 0.025692708333333356 0.04204629629629628
1 0.29254166666666664 0.08495833333333333 0.026437499999999996 0.04923148148148148
0 0.36441406249999997 0.0647037037037037 0.019692708333333364 0.031629629629629626
0 0.32717187500000006 0.0600925925925926 0.019697916666666693 0.032148148148148155
0 0.2935885416666667 0.04003703703703704 0.01640625 0.026259259259259263
0 0.318890625 0.022305555555555554 0.012260416666666647 0.020944444444444443
0 0.2933854166666666 0.019240740740740742 0.013437500000000036 0.021185185185185185
0 0.31856510416666667 0.010018518518518519 0.014328124999999995 0.016703703703703703
0 0.3409947916666667 0.008537037037037037 0.013218749999999998 0.014407407407407409
0 0.24152604166666666 0.15843055555555557 0.02929166666666667 0.057490740740740745
0 0.19460677083333333 0.8557870370370371 0.12858854166666667 0.2884259259259259
0 0.4923125 0.8592731481481481 0.10658333333333332 0.2814537037037037
