0 0.17229166666666665 0.8740277777777778 0.1396875 0.25194444444444447
0 0.29327083333333337 0.4766018518518519 0.06795833333333337 0.13838888888888892
0 0.3399713541666667 0.24714351851851854 0.036734374999999986 0.07260185185185185
0 0.43495833333333334 0.2198796296296296 0.03779166666666664 0.06849999999999999
1 0.289640625 0.16372685185185185 0.03622916666666664 0.07210185185185186
0 0.39825 0.13612962962962963 0.028395833333333325 0.04733333333333335
0 0.3397161458333333 0.1501435185185185 0.028463541666666713 0.051379629629629636
0 0.2938151041666667 0.084 0.020869791666666634 0.03355555555555556
0 0.3286145833333334 0.06245370370370369 0.015625 0.03057407407407407
0 0.2921848958333333 0.049305555555555554 0.017776041666666666 0.02905555555555555
0 0.3265911458333334 0.04115740740740741 0.017421874999999965 0.026425925925925926
0 0.35951822916666665 0.04600925925925926 0.01769270833333335 0.027444444444444452
0 0.31913541666666667 0.013898148148148147 0.013916666666666681 0.022796296296296297
0 0.3407604166666667 0.007162037037037037 0.012479166666666685 0.014324074074074074
0 0.24141666666666667 0.15919907407407408 0.02929166666666667 0.057490740740740745
