0 0.3200677083333333 0.030550925925925922 0.016749999999999984 0.02726851851851852
0 0.8218854166666667 0.6283287037037038 0.11590624999999997 0.2033796296296296
0 0.3179661458333333 0.012453703703703703 0.014265625000000053 0.021537037037037035
0 0.14867708333333335 0.9348148148148149 0.12787500000000002 0.13037037037037033
0 0.17566666666666667 0.5427500000000001 0.10331249999999999 0.1852407407407408
0 0.24038541666666668 0.14638425925925927 0.02929166666666667 0.05749074074074073
0 0.2922890625 0.2042638888888889 0.03557812500000003 0.061416666666666675
0 0.33218229166666663 0.09892592592592593 0.0234375 0.04081481481481481
0 0.4771328125 0.41182870370370367 0.055244791666666695 0.13278703703703706
0 0.5073203125 0.615111111111111 0.0814010416666667 0.20779629629629626
