0 0.31504947916666665 0.3944074074074074 0.05330729166666668 0.10798148148148148
0 0.32821093749999997 0.25985648148148144 0.03758854166666665 0.07241666666666667
0 0.3398046875 0.1542824074074074 0.027786458333333344 0.05199074074074072
0 0.4058645833333333 0.14594444444444446 0.03060416666666666 0.05103703703703704
1 0.29203645833333336 0.11130092592592594 0.02976041666666666 0.057249999999999995
0 0.37621354166666665 0.08967592592592592 0.022947916666666696 0.036833333333333336
0 0.33292187500000003 0.08975925925925926 0.02244791666666668 0.03744444444444444
0 0.293375 0.05575925925925926 0.017958333333333344 0.028888888888888884
0 0.32235937500000006 0.03632407407407407 0.013322916666666688 0.024796296296296295
0 0.2926822916666667 0.030000000000000006 0.014791666666666654 0.023703703703703706
0 0.32169010416666666 0.019740740740740743 0.015453125000000038 0.022259259259259263
0 0.34754166666666664 0.02015740740740741 0.01466666666666665 0.02298148148148148
0 0.24147916666666666 0.1587546296296296 0.02929166666666667 0.057490740740740745
