0 0.18825520833333334 0.8761944444444444 0.13803125 0.24761111111111106
0 0.4853385416666667 0.4584722222222222 0.05963541666666667 0.1423148148148148
1 0.244640625 0.36215740740740743 0.07271875 0.13975925925925925
0 0.4559739583333334 0.2714490740740741 0.04284374999999999 0.08136111111111115
0 0.32187760416666666 0.4384907407407407 0.06250520833333333 0.12912962962962962
0 0.29122135416666667 0.17280555555555555 0.030671874999999994 0.05049999999999999
0 0.34230208333333334 0.15051851851851852 0.02289583333333335 0.046740740740740756
0 0.2924296875 0.10582870370370372 0.023786458333333312 0.03982407407407408
0 0.3361015625 0.10580092592592592 0.023734375000000026 0.038398148148148147
0 0.39383333333333337 0.12053703703703704 0.025041666666666688 0.040407407407407406
0 0.3251953125 0.05282407407407407 0.017526041666666714 0.031018518518518518
0 0.35972656249999996 0.04675925925925926 0.017317708333333334 0.026666666666666672
0 0.31419010416666665 0.00625 0.012557291666666614 0.0125
0 0.24140885416666666 0.15926388888888887 0.02928645833333334 0.057490740740740745
