0 0.3184505208333333 0.02178703703703704 0.015682291666666674 0.026074074074074076
0 0.8645546875000001 0.5500787037037037 0.10905729166666672 0.17371296296296299
0 0.317515625 0.0076990740740740735 0.013437499999999976 0.015398148148148147
0 0.191140625 0.8376342592592593 0.14235416666666664 0.3247314814814815
0 0.22248958333333332 0.4252222222222222 0.07616666666666667 0.1398148148148148
0 0.24037760416666665 0.1452638888888889 0.029286458333333314 0.057490740740740745
0 0.29511197916666665 0.17091203703703706 0.031265624999999984 0.0540462962962963
0 0.33031510416666665 0.08407407407407408 0.02236979166666663 0.03772222222222222
0 0.476015625 0.40074074074074073 0.05415625000000001 0.12918518518518518
0 0.5058880208333334 0.5914074074074074 0.07914062499999996 0.1993333333333333
