0 0.26984375 0.5698425925925925 0.08370833333333334 0.17105555555555557
0 0.33736718749999994 0.28146759259259263 0.04043229166666666 0.08186111111111113
0 0.4425703125 0.24262037037037035 0.03970312500000001 0.0744074074074074
1 0.28865104166666666 0.18020833333333333 0.03836458333333332 0.07695370370370372
0 0.40498177083333337 0.14984722222222224 0.030380208333333356 0.05121296296296297
0 0.34092708333333327 0.17053703703703704 0.030770833333333355 0.055907407407407406
0 0.29362499999999997 0.09227777777777778 0.02148958333333333 0.0350925925925926
0 0.330515625 0.07067592592592592 0.016312500000000025 0.0317962962962963
0 0.2921171875 0.05494444444444445 0.01831770833333337 0.03014814814814815
0 0.32777083333333334 0.0473287037037037 0.018229166666666668 0.027657407407407405
0 0.3631276041666666 0.053828703703703705 0.018661458333333356 0.02850925925925926
0 0.31988020833333336 0.01772685185185185 0.014250000000000007 0.023898148148148144
0 0.342609375 0.009467592592592592 0.013062500000000022 0.018935185185185183
0 0.24140885416666666 0.15926388888888887 0.02928645833333334 0.057490740740740745
