0 0.49564322916666664 0.6342824074074074 0.07932812499999997 0.21687962962962964
1 0.17202343750000001 0.5525324074074074 0.11700520833333333 0.22223148148148147
0 0.47260937500000005 0.33868055555555554 0.047072916666666666 0.09928703703703701
0 0.22414322916666668 0.8443055555555555 0.13297395833333334 0.3113888888888888
0 0.2848697916666667 0.23172222222222222 0.03679166666666666 0.06233333333333335
0 0.34547395833333333 0.2098287037037037 0.028218749999999973 0.057675925925925915
0 0.29218229166666665 0.13809259259259257 0.026635416666666658 0.04562962962962963
0 0.33938802083333336 0.14512962962962964 0.027276041666666608 0.0455925925925926
0 0.4122734375 0.16281481481481483 0.029994791666666683 0.04814814814814815
0 0.327484375 0.07500462962962963 0.020552083333333353 0.03597222222222223
0 0.3709322916666667 0.07137037037037038 0.01932291666666668 0.03155555555555556
0 0.3163229166666667 0.01362962962962963 0.01484375 0.023
0 0.24140885416666666 0.15926388888888887 0.02928645833333334 0.057490740740740745
