0 0.3277890625 0.07409722222222223 0.019505208333333357 0.03391666666666667
0 0.32166927083333335 0.04708333333333333 0.017526041666666655 0.029518518518518527
0 0.32198958333333333 0.0211712962962963 0.01552083333333331 0.025620370370370373
0 0.34985156249999994 0.018629629629629628 0.01672395833333334 0.02407407407407407
1 0.29255468749999997 0.01900925925925926 0.01682812500000003 0.034185185185185187
0 0.3393489583333333 0.005324074074074074 0.012708333333333321 0.010648148148148148
0 0.24123958333333334 0.15293055555555557 0.02929166666666667 0.057490740740740745
0 0.23226822916666665 0.44612962962962965 0.07574479166666664 0.12966666666666668
0 0.33778385416666673 0.17902777777777779 0.030119791666666687 0.0554814814814815
0 0.47944010416666666 0.4600370370370371 0.059640624999999996 0.1518703703703704
0 0.5173177083333333 0.7694583333333335 0.09756250000000002 0.28230555555555553
