0 0.3321223958333333 0.11017129629629628 0.023088541666666688 0.04078703703703703
0 0.3251822916666666 0.07543518518518519 0.01998958333333333 0.03431481481481482
0 0.32550520833333335 0.04189814814814815 0.016999999999999994 0.03001851851851852
0 0.3586223958333334 0.03847222222222222 0.018057291666666645 0.028277777777777777
1 0.29189322916666666 0.034837962962962966 0.020869791666666693 0.037398148148148146
0 0.34513541666666664 0.015800925925925923 0.015218750000000014 0.023435185185185184
0 0.31785677083333336 0.01037037037037037 0.01388020833333332 0.02074074074074074
0 0.29328645833333333 0.009194444444444444 0.012093750000000014 0.01838888888888889
0 0.24153125 0.15556944444444443 0.02929166666666667 0.057490740740740745
0 0.07284114583333333 0.8661296296296297 0.14568229166666666 0.2677407407407407
0 0.3353515625 0.2570138888888889 0.03720312500000003 0.07173148148148148
0 0.48361197916666665 0.5158564814814814 0.06418229166666668 0.16780555555555557
0 0.5329088541666667 0.8882592592592592 0.12132812500000002 0.2234814814814815
