0 0.3333854166666666 0.12340277777777775 0.024270833333333346 0.04337962962962962
0 0.3263541666666666 0.08561111111111112 0.020885416666666677 0.03627777777777777
0 0.3268098958333333 0.049023148148148156 0.01736979166666668 0.031398148148148154
0 0.3615625 0.045648148148148146 0.01864583333333337 0.029537037037037035
1 0.2920052083333333 0.040486111111111105 0.021249999999999977 0.038657407407407404
0 0.3472395833333334 0.021296296296296296 0.015312499999999988 0.02435185185185185
0 0.31876822916666664 0.01583333333333333 0.01470312500000001 0.02231481481481481
0 0.29342447916666664 0.01275462962962963 0.012630208333333334 0.020787037037037038
0 0.24188802083333333 0.15665277777777778 0.02928645833333334 0.057490740740740745
0 0.3318229166666667 0.2877175925925926 0.040468750000000026 0.07995370370370372
0 0.48509895833333333 0.5399583333333333 0.06690625000000001 0.17732407407407408
0 0.5334557291666666 0.9209953703703704 0.11106770833333328 0.15800925925925924
