0 0.49147135416666665 0.5483842592592593 0.07007812499999998 0.1783055555555555
1 0.20969791666666668 0.45656481481481487 0.09456250000000001 0.17827777777777779
0 0.46612239583333337 0.3095462962962963 0.045692708333333346 0.08994444444444444
0 0.28113802083333334 0.6246157407407408 0.09148437500000002 0.2048425925925926
0 0.2883515625 0.2035787037037037 0.03322395833333332 0.05639814814814814
0 0.3443307291666667 0.18184259259259258 0.02567187499999998 0.05216666666666667
0 0.29251822916666664 0.12318055555555556 0.02546354166666666 0.043935185185185174
0 0.3380729166666666 0.1266712962962963 0.025312500000000012 0.04284259259259259
0 0.4038359375 0.1437314814814815 0.028348958333333365 0.04483333333333332
0 0.3264192708333333 0.06525925925925927 0.01959895833333333 0.03337037037037037
0 0.36595052083333335 0.060481481481481476 0.017973958333333328 0.029888888888888885
0 0.31547395833333336 0.00975462962962963 0.013718750000000017 0.01950925925925926
0 0.24140885416666666 0.15926388888888887 0.02928645833333334 0.057490740740740745
