0 0.4969453125 0.7814351851851852 0.09584895833333337 0.2953703703703704
1 0.097125 0.7307407407407408 0.16270833333333332 0.3131851851851852
0 0.48026302083333333 0.3777083333333333 0.05099479166666665 0.1109537037037037
0 0.27811979166666667 0.27199074074074076 0.041770833333333354 0.07170370370370373
0 0.3448880208333333 0.2530324074074074 0.032484375 0.06708333333333333
0 0.29135677083333333 0.1603564814814815 0.02961979166666667 0.05080555555555556
0 0.34037239583333334 0.1719351851851852 0.029984374999999966 0.05131481481481483
0 0.42371354166666664 0.1877777777777778 0.03313541666666667 0.052925925925925925
0 0.32895052083333337 0.0893148148148148 0.022265625 0.03862962962962963
0 0.37771093749999995 0.0867037037037037 0.02126562500000002 0.03433333333333335
0 0.31793750000000004 0.021037037037037035 0.015062499999999979 0.025333333333333333
0 0.24140885416666666 0.15926388888888887 0.02928645833333334 0.057490740740740745
