0 0.33659635416666667 0.2403287037037037 0.03466145833333331 0.0665277777777778
0 0.3315234375000001 0.16822685185185185 0.029213541666666683 0.05115740740740741
0 0.33501302083333334 0.10275462962962963 0.022953124999999967 0.040694444444444436
0 0.3848984375 0.0977037037037037 0.02464062499999997 0.03972222222222223
1 0.2925078125 0.07889814814814815 0.025619791666666693 0.04811111111111111
0 0.36203124999999997 0.05887037037037037 0.019197916666666672 0.031074074074074077
0 0.32588281249999995 0.05430555555555555 0.018838541666666646 0.03057407407407407
0 0.293640625 0.03642592592592593 0.015885416666666666 0.0257037037037037
0 0.3183958333333333 0.01950462962962963 0.012312499999999994 0.019138888888888886
0 0.2934427083333333 0.016537037037037038 0.013437499999999976 0.020611111111111108
0 0.3178098958333333 0.008097222222222223 0.014015624999999983 0.014953703703703702
0 0.33954427083333333 0.0062129629629629635 0.012734374999999964 0.011425925925925926
0 0.24153645833333334 0.15834722222222222 0.02929166666666667 0.057490740740740745
0 0.23497135416666665 0.7169074074074074 0.10442187500000001 0.22451851851851853
0 0.49390625 0.8330277777777778 0.09833333333333337 0.33394444444444443
