0 0.165984375 0.88875 0.14158333333333334 0.22249999999999995
0 0.3247578125 0.3781712962962963 0.05211979166666669 0.10936111111111112
0 0.4585234375 0.30000462962962965 0.04484895833333334 0.09050925925925926
1 0.2830390625 0.22208333333333335 0.044911458333333314 0.08924074074074076
0 0.4209895833333333 0.18389814814814817 0.03406249999999999 0.0582777777777778
0 0.3428776041666667 0.22399537037037037 0.03581770833333332 0.0691944444444444
0 0.29338020833333334 0.11277777777777777 0.02346875000000003 0.03862962962962963
0 0.33453125 0.09136111111111112 0.01810416666666666 0.034611111111111106
0 0.29194531250000005 0.06875925925925926 0.020359375000000016 0.03274074074074074
0 0.33042187500000003 0.06275925925925926 0.01988541666666664 0.030074074074074073
0 0.3715833333333334 0.07215740740740742 0.01956250000000003 0.03149999999999999
0 0.32097916666666665 0.027629629629629632 0.015791666666666693 0.025074074074074075
0 0.3475182291666667 0.018833333333333334 0.014067708333333328 0.022666666666666665
0 0.24140885416666666 0.15926388888888887 0.02928645833333334 0.057490740740740745
