0 0.3190390625 0.025064814814814814 0.01604687500000003 0.026574074074074076
0 0.8485755208333333 0.5770879629629629 0.11178645833333327 0.1842314814814815
0 0.31774479166666664 0.009444444444444445 0.013822916666666707 0.017925925925925925
0 0.16978645833333333 0.8739583333333333 0.14504166666666668 0.2520833333333333
0 0.20738802083333333 0.46382870370370377 0.085421875 0.1523425925925926
0 0.24038541666666668 0.1457175925925926 0.02929166666666667 0.05749074074074073
0 0.29417187499999997 0.18304166666666666 0.03267708333333328 0.05654629629629629
0 0.330984375 0.08955092592592592 0.02286458333333338 0.03882407407407408
0 0.47644010416666666 0.4049166666666666 0.054598958333333295 0.1305
0 0.506484375 0.599875 0.07994791666666666 0.20225000000000007
