0 0.33694010416666664 0.17506944444444444 0.028567708333333344 0.052361111111111094
0 0.33006250000000004 0.12369907407407407 0.024666666666666674 0.042694444444444445
0 0.3312369791666666 0.07494907407407407 0.019973958333333344 0.035842592592592586
0 0.3725 0.07097222222222223 0.021562499999999988 0.034351851851851856
1 0.2923880208333333 0.05901851851851852 0.0234010416666667 0.04288888888888889
0 0.3542604166666667 0.039837962962962964 0.01726041666666666 0.027731481481481482
0 0.32185416666666666 0.03456018518518519 0.016812499999999987 0.027268518518518515
0 0.29390625 0.02537037037037037 0.013541666666666667 0.02296296296296296
0 0.3163541666666667 0.009699074074074074 0.010624999999999989 0.016157407407407405
0 0.241578125 0.15806018518518516 0.02929166666666667 0.057490740740740745
0 0.3069427083333333 0.4370509259259259 0.05878125000000001 0.1194166666666667
0 0.49041145833333327 0.6507638888888889 0.07907291666666669 0.2253240740740741
