0 0.2940234375 0.5272453703703703 0.0758177083333333 0.1580277777777778
0 0.4718072916666667 0.3628009259259259 0.05015624999999998 0.11017592592592594
1 0.2728072916666667 0.27199074074074076 0.05420833333333335 0.10542592592592594
0 0.43666927083333335 0.21961111111111112 0.03764062499999999 0.0667037037037037
0 0.34047135416666663 0.2940787037037037 0.04317187499999999 0.0845833333333333
0 0.29283333333333333 0.1360138888888889 0.026583333333333313 0.042824074074074084
0 0.33764062499999997 0.11331481481481481 0.019822916666666638 0.0387037037037037
0 0.2922864583333334 0.08345833333333333 0.021656250000000023 0.03471296296296296
0 0.33274739583333335 0.08008333333333334 0.02102604166666661 0.03324074074074073
0 0.3801953125 0.09168055555555556 0.022255208333333342 0.03437962962962963
0 0.3228046875 0.03814814814814815 0.016328125000000013 0.027592592592592592
0 0.35229947916666665 0.029870370370370374 0.015213541666666686 0.0242962962962963
0 0.24140885416666666 0.15926388888888887 0.02928645833333334 0.057490740740740745
