0 0.49635156249999995 0.834861111111111 0.10063020833333329 0.33027777777777784
1 0.07948437500000001 0.795337962962963 0.15896875000000002 0.3495092592592593
0 0.48219270833333333 0.3900046296296296 0.052072916666666615 0.11563888888888887
0 0.275421875 0.2839305555555555 0.04342708333333333 0.07469444444444447
0 0.3439088541666667 0.2663611111111111 0.03344270833333329 0.07014814814814817
0 0.29095052083333334 0.16694907407407408 0.03018229166666669 0.05267592592592591
0 0.34058333333333335 0.1797685185185185 0.030812499999999982 0.05314814814814815
0 0.42694531249999995 0.19494907407407408 0.033921875 0.054638888888888903
0 0.3294270833333333 0.09321759259259259 0.02265625 0.03949074074074074
0 0.3796875 0.0912037037037037 0.021718750000000023 0.03500000000000001
0 0.3183203125 0.023148148148148147 0.015390625000000036 0.025833333333333337
0 0.24140885416666666 0.15926388888888887 0.02928645833333334 0.057490740740740745
