0 0.3340234375 0.13016666666666668 0.024869791666666665 0.04474074074074075
0 0.32694531250000003 0.09078240740740741 0.021359374999999996 0.03732407407407408
0 0.32748958333333333 0.052662037037037035 0.01754166666666664 0.03212037037037037
0 0.363046875 0.04931481481481481 0.01892708333333335 0.030259259259259253
1 0.2920833333333333 0.04336111111111111 0.02137500000000004 0.039240740740740736
0 0.34833333333333333 0.024185185185185185 0.015312499999999988 0.02462962962962963
0 0.31929166666666664 0.018833333333333334 0.015062499999999979 0.022703703703703705
0 0.2934791666666667 0.01462962962962963 0.012895833333333329 0.0217037037037037
0 0.31463541666666667 0.0041898148148148155 0.009791666666666643 0.008379629629629631
0 0.241828125 0.15691666666666668 0.02929166666666667 0.05750000000000002
0 0.3298463541666667 0.3049212962962963 0.042171874999999956 0.08432407407407412
0 0.4858385416666666 0.5524907407407407 0.0683854166666667 0.18238888888888885
0 0.5332291666666666 0.9393888888888888 0.10406250000000003 0.12122222222222219
