0 0.2171796875 0.7547453703703704 0.11827604166666665 0.2464907407407408
0 0.3313697916666667 0.3342777777777778 0.04690624999999997 0.0959259259259259
0 0.4522786458333333 0.27549999999999997 0.04240104166666671 0.08385185185185186
1 0.2861692708333333 0.2044490740740741 0.04204687499999998 0.08417592592592592
0 0.4141875 0.1696712962962963 0.032979166666666636 0.0549537037037037
0 0.34220052083333335 0.20105555555555554 0.033411458333333324 0.06274074074074076
0 0.2932526041666667 0.10398611111111111 0.02222395833333331 0.03710185185185186
0 0.33296875 0.08294444444444445 0.017416666666666636 0.0328888888888889
0 0.2918828125 0.06291666666666666 0.019484374999999984 0.03187037037037037
0 0.32929427083333335 0.05631481481481482 0.01932812499999995 0.029185185185185182
0 0.36820833333333336 0.06446296296296297 0.019187500000000017 0.029888888888888895
0 0.3206197916666666 0.023435185185185187 0.015072916666666636 0.02501851851851852
0 0.3454088541666666 0.0145 0.013723958333333345 0.02177777777777778
0 0.24140885416666666 0.15926388888888887 0.02928645833333334 0.057490740740740745
