0 0.33186197916666665 0.2903009259259259 0.03968229166666663 0.07708333333333334
0 0.3313802083333333 0.19949537037037035 0.031614583333333356 0.05782407407407409
0 0.33737239583333334 0.12094907407407407 0.024348958333333334 0.044546296296296306
0 0.3926145833333333 0.1154074074074074 0.02677083333333332 0.04401851851851851
1 0.2925026041666667 0.09121759259259259 0.0273072916666667 0.050675925925925916
0 0.36710156250000003 0.07063425925925926 0.02042187500000002 0.033157407407407406
0 0.3285234375 0.06693518518518518 0.02030729166666667 0.03344444444444444
0 0.2936223958333333 0.04367592592592593 0.01669270833333331 0.026759259259259257
0 0.31974479166666664 0.025439814814814814 0.012239583333333333 0.02213888888888889
0 0.29333333333333333 0.021949074074074072 0.013437500000000036 0.02176851851851852
0 0.31932031250000004 0.011944444444444445 0.014640625000000008 0.018462962962962966
0 0.3424479166666667 0.01086574074074074 0.013697916666666643 0.01739814814814815
0 0.24151302083333331 0.15851388888888887 0.02928645833333334 0.057490740740740745
0 0.1512734375 0.9285462962962963 0.14018229166666665 0.14290740740740743
0 0.491546875 0.8873888888888889 0.11120833333333333 0.22522222222222224
