0 0.3344479166666667 0.1346712962962963 0.025270833333333322 0.0456574074074074
0 0.32734114583333335 0.09423148148148147 0.021671874999999948 0.03801851851851852
0 0.3279427083333334 0.055087962962962964 0.017656249999999988 0.03260185185185185
0 0.36403645833333337 0.051759259259259255 0.0191145833333333 0.030740740740740742
1 0.29213541666666665 0.04527777777777778 0.021458333333333357 0.039629629629629626
0 0.3490625 0.026111111111111113 0.015312499999999988 0.024814814814814814
0 0.319640625 0.020833333333333332 0.01530208333333333 0.02296296296296296
0 0.293515625 0.01587962962962963 0.013072916666666679 0.022314814814814815
0 0.3147916666666667 0.004722222222222222 0.010104166666666655 0.009444444444444445
0 0.2417890625 0.15709722222222225 0.02928645833333334 0.057490740740740745
0 0.32852604166666666 0.31638888888888894 0.043302083333333324 0.08722222222222221
0 0.48640625 0.5602175925925926 0.0704166666666667 0.1864166666666667
