0 0.33416145833333327 0.2725416666666667 0.037593749999999974 0.07287962962962961
0 0.3316484375 0.1887638888888889 0.030588541666666677 0.055064814814814816
0 0.3369270833333334 0.11491666666666668 0.02364583333333332 0.04294444444444445
0 0.3900677083333334 0.10962037037037037 0.026114583333333326 0.04298148148148147
1 0.29255468749999997 0.08738425925925926 0.026765624999999994 0.04967592592592593
0 0.3653671875 0.06703703703703705 0.01989062500000003 0.031851851851851846
0 0.32768749999999996 0.06240740740740741 0.020041666666666676 0.03277777777777777
0 0.2935677083333334 0.04148148148148148 0.01661458333333332 0.026481481481481484
0 0.31908854166666667 0.023425925925925926 0.012239583333333333 0.021666666666666664
0 0.2933645833333333 0.020324074074074078 0.013437499999999976 0.021425925925925928
0 0.31886718750000004 0.010787037037037038 0.014453125 0.01740740740740741
0 0.34157552083333337 0.009467592592592592 0.013411458333333333 0.01560185185185185
0 0.24152083333333335 0.15846296296296294 0.029291666666666643 0.057499999999999996
0 0.17575260416666666 0.8819537037037037 0.13827604166666668 0.2360925925925926
0 0.491671875 0.8697685185185186 0.10988541666666668 0.2604629629629629
