0 0.2695104166666667 0.6222685185185185 0.09291666666666666 0.19442592592592595
0 0.4770312500000001 0.39273148148148146 0.053208333333333316 0.11987037037037035
1 0.2653020833333333 0.297375 0.059197916666666676 0.11399074074074075
0 0.44313802083333337 0.23644444444444446 0.03920312499999999 0.07081481481481483
0 0.3370390625 0.33355555555555555 0.04799479166666672 0.09662962962962965
0 0.2924817708333334 0.14701851851851852 0.02738020833333336 0.04481481481481479
0 0.3391614583333334 0.12492129629629632 0.02053124999999998 0.04093518518518519
0 0.2924713541666667 0.0902037037037037 0.02247395833333332 0.03666666666666666
0 0.3338359375 0.08825925925925926 0.02216145833333331 0.03488888888888888
0 0.3846041666666667 0.10102314814814814 0.02293750000000004 0.036694444444444425
0 0.3236171875 0.04273148148148148 0.016765625000000027 0.02898148148148148
0 0.3545338541666666 0.03559259259259259 0.01611979166666663 0.025518518518518517
0 0.24140885416666666 0.15926388888888887 0.02928645833333334 0.057490740740740745
