0 0.3275651041666666 0.07261111111111111 0.019411458333333322 0.03362962962962963
0 0.3215416666666666 0.045879629629629624 0.017395833333333322 0.02931481481481481
0 0.32184375000000004 0.02048611111111111 0.01541666666666668 0.02513888888888889
0 0.34954427083333334 0.018000000000000002 0.016567708333333306 0.023500000000000004
1 0.292578125 0.01852777777777778 0.01672916666666661 0.03364814814814814
0 0.3391145833333333 0.004907407407407407 0.012708333333333321 0.009814814814814814
0 0.24126302083333334 0.15283796296296295 0.029286458333333314 0.057490740740740745
0 0.23626302083333334 0.43407870370370366 0.07358854166666665 0.12495370370370369
0 0.33768229166666663 0.17619444444444446 0.029875000000000006 0.055055555555555566
0 0.47933593750000003 0.45825 0.05951562499999999 0.15090740740740738
0 0.51703125 0.762712962962963 0.09689583333333338 0.27905555555555556
