0 0.3348411458333333 0.13981018518518518 0.02567187499999998 0.04637962962962962
0 0.3277578125 0.09799074074074075 0.02204687500000002 0.0385
0 0.328390625 0.057699074074074076 0.017989583333333316 0.03308333333333334
0 0.36509895833333333 0.05425000000000001 0.019489583333333373 0.03116666666666667
1 0.29218229166666665 0.046935185185185184 0.021718750000000023 0.040018518518518516
0 0.3496927083333333 0.027925925925925927 0.015614583333333343 0.025222222222222226
0 0.319859375 0.022546296296296293 0.01555208333333328 0.023648148148148147
0 0.293578125 0.017175925925925928 0.013072916666666679 0.022314814814814815
0 0.314984375 0.005222222222222222 0.010135416666666685 0.010444444444444444
0 0.24174739583333332 0.15727314814814816 0.029286458333333314 0.057490740740740745
0 0.32626041666666666 0.3305694444444444 0.04530208333333334 0.09134259259259257
0 0.48686979166666666 0.5711666666666667 0.07134375000000001 0.19077777777777774
