0 0.3376432291666667 0.22652314814814817 0.033411458333333324 0.06380555555555557
0 0.33146875000000003 0.15942592592592594 0.02862499999999996 0.04948148148148148
0 0.3341927083333333 0.09754166666666667 0.02265625 0.03973148148148148
0 0.3826822916666667 0.09259259259259259 0.02401041666666662 0.03833333333333334
1 0.2924869791666667 0.07526388888888888 0.025130208333333334 0.04743518518518519
0 0.36060156250000003 0.055370370370370375 0.01890104166666665 0.030740740740740742
0 0.32510937500000003 0.05083333333333334 0.01832291666666664 0.029629629629629638
0 0.29367187499999997 0.03425925925925926 0.015572916666666655 0.025370370370370373
0 0.31809895833333335 0.017824074074074076 0.012343750000000023 0.018055555555555554
0 0.31735677083333336 0.006944444444444444 0.013828125000000035 0.013888888888888888
0 0.338671875 0.004814814814814815 0.012447916666666715 0.00962962962962963
0 0.24154427083333332 0.1583009259259259 0.02928645833333334 0.057490740740740745
0 0.2527760416666667 0.651625 0.09284375000000003 0.1960092592592593
0 0.49332291666666667 0.7902824074074074 0.09497916666666661 0.3025833333333333
