0 0.20106510416666667 0.8083101851851852 0.12772395833333333 0.2686944444444445
0 0.32916666666666666 0.34890740740740744 0.04864583333333338 0.1004074074074074
0 0.45436197916666665 0.2836666666666667 0.04321354166666668 0.08607407407407405
1 0.285125 0.21032407407407405 0.043000000000000003 0.08587037037037035
0 0.4164557291666667 0.17441203703703703 0.03333854166666666 0.056064814814814797
0 0.3424270833333333 0.2087037037037037 0.034208333333333306 0.06488888888888887
0 0.2932942708333333 0.10691666666666666 0.022640625000000015 0.037611111111111116
0 0.3334895833333333 0.08575 0.01764583333333333 0.033462962962962965
0 0.29190364583333334 0.06486574074074075 0.01977604166666668 0.03215740740740741
0 0.32966927083333336 0.05846296296296297 0.019515625000000016 0.029481481481481484
0 0.36933333333333335 0.06702777777777778 0.01931249999999996 0.03042592592592592
0 0.3207395833333333 0.024833333333333332 0.015312499999999988 0.025037037037037038
0 0.3461119791666667 0.015944444444444445 0.013838541666666693 0.022074074074074072
0 0.24140885416666666 0.15926388888888887 0.02928645833333334 0.057490740740740745
