0 0.3284713541666667 0.07897222222222222 0.019973958333333344 0.03494444444444444
0 0.3221458333333333 0.05091666666666666 0.017916666666666654 0.030240740740740738
0 0.3225 0.023953703703703703 0.015750000000000004 0.026574074074074073
0 0.3510104166666667 0.02118518518518519 0.0168958333333333 0.02525925925925926
1 0.2924322916666667 0.021018518518518516 0.017406249999999977 0.034740740740740746
0 0.3401875 0.006527777777777777 0.013041666666666648 0.013055555555555555
0 0.24117447916666668 0.1532083333333333 0.02928645833333334 0.057490740740740745
0 0.217390625 0.4886435185185185 0.08445833333333334 0.14712037037037032
0 0.3379036458333333 0.18838888888888888 0.030953125000000033 0.05733333333333332
0 0.47989322916666666 0.46683333333333327 0.060171874999999986 0.15388888888888888
0 0.5189921875 0.7928703703703703 0.10030729166666669 0.2941296296296296
