0 0.3375859375 0.21550462962962963 0.03234895833333334 0.06128703703703701
0 0.33123958333333337 0.15191203703703704 0.0277708333333333 0.04812037037037037
0 0.33362239583333336 0.09280555555555554 0.02204687500000002 0.038814814814814816
0 0.3805729166666667 0.08813425925925926 0.02344791666666666 0.03758333333333334
1 0.29246354166666666 0.07202777777777777 0.024802083333333336 0.046462962962962956
0 0.3593125 0.05210648148148149 0.01854166666666662 0.03010185185185185
0 0.32446875000000003 0.0475 0.017947916666666685 0.02918518518518519
0 0.293765625 0.03249537037037037 0.015104166666666667 0.02484259259259259
0 0.3177552083333333 0.016129629629629633 0.01193749999999998 0.018000000000000002
0 0.31708333333333333 0.006013888888888889 0.01328125 0.012027777777777778
0 0.33825520833333333 0.003796296296296296 0.011614583333333369 0.007592592592592592
0 0.24154947916666666 0.15825462962962966 0.029286458333333314 0.057490740740740745
0 0.2674609375 0.5977499999999999 0.08518229166666665 0.17868518518518509
0 0.4929557291666667 0.759162037037037 0.09141145833333333 0.28454629629629624
