0 0.32552604166666665 0.05939351851851851 0.018614583333333337 0.03119444444444444
0 0.7115598958333333 0.9047592592592593 0.12848437500000004 0.1904814814814815
0 0.32039843749999997 0.03514351851851852 0.016276041666666668 0.02747222222222222
0 0.32053125000000005 0.014342592592592593 0.014479166666666703 0.02075925925925926
0 0.3467916666666666 0.012337962962962962 0.015187499999999984 0.018416666666666668
1 0.2928255208333333 0.014226851851851852 0.01583854166666665 0.028453703703703703
0 0.24144270833333334 0.15183796296296298 0.02929166666666667 0.057490740740740745
0 0.2654270833333333 0.341662037037037 0.05625 0.093712962962963
0 0.3366901041666666 0.15087037037037038 0.027744791666666716 0.05098148148148148
0 0.478484375 0.4426111111111111 0.058333333333333334 0.14275925925925925
0 0.5143489583333334 0.7038564814814815 0.09100000000000001 0.25065740740740744
