0 0.33683854166666666 0.17212499999999997 0.02830208333333335 0.05175000000000001
0 0.32993489583333335 0.1215648148148148 0.024442708333333365 0.04224074074074073
0 0.33102604166666666 0.07358796296296295 0.01984375000000001 0.03567592592592592
0 0.37186979166666667 0.06962037037037037 0.0214479166666667 0.034055555555555554
1 0.2923854166666667 0.057930555555555555 0.023270833333333366 0.04262037037037037
0 0.3538515625 0.038907407407407404 0.017171875000000014 0.027555555555555555
0 0.32163020833333333 0.03352777777777778 0.016760416666666642 0.0270925925925926
0 0.293890625 0.02476851851851852 0.013447916666666634 0.02283333333333333
0 0.31623437499999996 0.009203703703703704 0.010552083333333328 0.015814814814814816
0 0.24158072916666667 0.15805092592592593 0.029286458333333314 0.057490740740740745
0 0.30877864583333337 0.4278009259259259 0.05768229166666667 0.11710185185185182
0 0.4900755208333333 0.6436064814814815 0.07826562500000005 0.22189814814814812
