0 0.2925286458333333 0.492037037037037 0.06884895833333333 0.13811111111111113
0 0.32364322916666666 0.30869907407407404 0.04399479166666668 0.08480555555555554
0 0.3405755208333333 0.1791759259259259 0.030380208333333356 0.05722222222222221
0 0.41463802083333334 0.16730555555555554 0.03238020833333337 0.055314814814814824
1 0.2912708333333333 0.12619444444444444 0.031489583333333356 0.06196296296296296
0 0.3825286458333333 0.1031898148148148 0.02432812499999996 0.03952777777777777
0 0.33541927083333334 0.10618518518518519 0.024161458333333385 0.041277777777777774
0 0.2934635416666667 0.06375462962962963 0.018739583333333344 0.031398148148148154
0 0.32410677083333334 0.04363888888888889 0.014213541666666647 0.025833333333333333
0 0.29239322916666666 0.03576388888888889 0.01615104166666666 0.025601851851851855
0 0.32325781249999996 0.025879629629629627 0.016130208333333347 0.023500000000000004
0 0.35107812499999996 0.027953703703703703 0.015250000000000045 0.023981481481481482
0 0.3171848958333333 0.007282407407407408 0.013307291666666643 0.014564814814814815
0 0.2414609375 0.15889351851851855 0.02928645833333334 0.057490740740740745
