0 0.4969791666666667 0.6959583333333333 0.08703125000000002 0.25021296296296297
1 0.14231770833333332 0.6240416666666666 0.13565625 0.25586111111111115
0 0.47614843749999997 0.35580555555555554 0.04884895833333337 0.10403703703703705
0 0.1903880208333333 0.9160648148148148 0.12973437499999999 0.16787037037037034
0 0.2821171875 0.24967129629629628 0.038942708333333326 0.06643518518518515
0 0.34551041666666665 0.22889814814814816 0.030229166666666647 0.06175925925925925
0 0.29187500000000005 0.14801851851851852 0.02808333333333331 0.04781481481481483
0 0.3398567708333334 0.15712037037037035 0.028473958333333313 0.04809259259259259
0 0.4174322916666667 0.17402314814814815 0.031447916666666666 0.05017592592592592
0 0.32812239583333336 0.08150925925925925 0.021359374999999996 0.037129629629629624
0 0.3739661458333334 0.0782222222222222 0.020234375000000013 0.032851851851851854
0 0.317078125 0.016962962962962964 0.01484375 0.02411111111111111
0 0.24140885416666666 0.15926388888888887 0.02928645833333334 0.057490740740740745
