0 0.32644531250000003 0.06518055555555555 0.018942708333333336 0.03219444444444445
0 0.7040703125000001 0.9463425925925926 0.10501562500000006 0.1073148148148148
0 0.3209036458333333 0.03986111111111111 0.016744791666666713 0.028296296296296295
0 0.3211145833333333 0.017069444444444443 0.014895833333333346 0.022712962962962963
0 0.34801562500000005 0.014856481481481483 0.01580208333333335 0.020675925925925927
1 0.2927109375 0.01612037037037037 0.016234375000000037 0.030962962962962966
0 0.241375 0.152375 0.02929166666666667 0.057490740740740745
0 0.2543958333333333 0.3783935185185185 0.06324999999999997 0.10476851851851855
0 0.33716666666666667 0.1620185185185185 0.028677083333333304 0.052944444444444454
0 0.4788229166666667 0.44931481481481483 0.05887499999999998 0.14609259259259258
0 0.5155963541666666 0.7289722222222222 0.09356770833333332 0.26283333333333336
