0 0.3359010416666667 0.24953240740740742 0.03549999999999998 0.06834259259259257
0 0.33155989583333334 0.17409722222222224 0.02960937500000001 0.052268518518518506
0 0.33555989583333334 0.10623148148148148 0.02315104166666669 0.04133333333333335
0 0.38637499999999997 0.10110648148148148 0.0250625 0.04065740740740742
1 0.29252083333333334 0.08132407407407408 0.025947916666666633 0.04855555555555555
0 0.36298437499999997 0.0612037037037037 0.019395833333333338 0.031296296296296294
0 0.32639843749999997 0.05662037037037037 0.019182291666666688 0.031203703703703706
0 0.2936197916666667 0.03787037037037037 0.01609375000000005 0.025925925925925925
0 0.31859375 0.020624999999999998 0.012291666666666678 0.01986111111111111
0 0.293421875 0.017620370370370373 0.013437499999999976 0.020833333333333332
0 0.3181119791666667 0.008865740740740742 0.014140624999999988 0.015657407407407408
0 0.34012499999999996 0.007143518518518519 0.01292708333333336 0.012620370370370369
0 0.24153125 0.15838425925925925 0.02929166666666667 0.057490740740740745
0 0.21882552083333331 0.7705648148148149 0.11408854166666664 0.2500740740740741
0 0.4932682291666667 0.8435231481481481 0.10163020833333339 0.31295370370370373
