0 0.24981510416666666 0.6425648148148149 0.09706770833333336 0.1991666666666667
0 0.33520052083333335 0.30328240740740736 0.04314062500000002 0.08734259259259258
0 0.4469296875 0.2567407407407407 0.040776041666666644 0.07853703703703703
1 0.287828125 0.19069907407407405 0.03992708333333338 0.08012037037037037
0 0.4089479166666667 0.1584675925925926 0.031656250000000045 0.05271296296296297
0 0.34152604166666667 0.1836064814814815 0.03182291666666668 0.05858333333333334
0 0.2933880208333334 0.0972962962962963 0.021671875000000007 0.03594444444444444
0 0.33161979166666666 0.07608333333333334 0.016812499999999987 0.03209259259259259
0 0.2919713541666667 0.05838888888888889 0.018817708333333332 0.03096296296296296
0 0.32842708333333337 0.05123611111111112 0.01875 0.028361111111111115
0 0.3653880208333333 0.05843981481481481 0.01889062499999999 0.028990740740740737
0 0.320234375 0.020189814814814813 0.014583333333333334 0.024527777777777773
0 0.3438072916666667 0.011319444444444444 0.013375000000000033 0.020787037037037038
0 0.24140885416666666 0.15926388888888887 0.02928645833333334 0.057490740740740745
