0 0.49659375 0.6704953703703703 0.08394791666666664 0.23687962962962955
1 0.15488020833333332 0.5940648148148149 0.12784375 0.24105555555555552
0 0.47473177083333334 0.3489583333333333 0.048140625000000034 0.10213888888888883
0 0.19798697916666666 0.8846018518518518 0.14423437500000003 0.23079629629629628
0 0.28321874999999996 0.24249074074074073 0.03808333333333334 0.06479629629629628
0 0.3454947916666667 0.22126851851851853 0.029427083333333333 0.06012962962962963
0 0.29199739583333334 0.14404629629629628 0.027505208333333305 0.046944444444444434
0 0.3396692708333333 0.15232407407407406 0.027994791666666668 0.04709259259259258
0 0.4153671875 0.16954166666666665 0.030869791666666656 0.04936111111111111
0 0.3278671875 0.07890740740740741 0.021036458333333386 0.03666666666666666
0 0.3727526041666666 0.0754814814814815 0.019869791666666654 0.03233333333333333
0 0.3167760416666667 0.01562962962962963 0.01484375 0.02366666666666667
0 0.24140885416666666 0.15926388888888887 0.02928645833333334 0.057490740740740745
