0 0.3303307291666666 0.3021388888888889 0.041078125 0.07988888888888887
0 0.33120052083333335 0.20664814814814816 0.032296874999999996 0.059666666666666666
0 0.33766927083333337 0.12497222222222222 0.02481770833333332 0.0456111111111111
0 0.3943125 0.11926388888888889 0.027208333333333338 0.044712962962962954
1 0.29246875 0.09377777777777778 0.02766666666666667 0.05133333333333333
0 0.36825781250000006 0.07303240740740741 0.020776041666666658 0.034027777777777775
0 0.3290807291666667 0.0699537037037037 0.02048437500000002 0.033888888888888885
0 0.2936588541666667 0.04513888888888889 0.016744791666666654 0.026944444444444438
0 0.3201822916666667 0.026782407407407404 0.012239583333333333 0.0224537037037037
0 0.2933125 0.02302777777777778 0.013437499999999976 0.022
0 0.3196223958333333 0.012712962962962962 0.014765625000000011 0.019166666666666665
0 0.3430286458333333 0.011796296296296296 0.013890625000000038 0.018592592592592595
0 0.24151041666666667 0.1585416666666667 0.02929166666666667 0.057490740740740745
0 0.14364062500000002 0.9459305555555556 0.13828125 0.10813888888888885
0 0.4912916666666666 0.9016666666666666 0.10762499999999993 0.19666666666666666
