0 0.3374973958333333 0.19714351851851855 0.03057812500000002 0.05708333333333334
0 0.33085416666666667 0.13937962962962963 0.02635416666666662 0.045870370370370374
0 0.332671875 0.08491203703703704 0.021031249999999998 0.03728703703703705
0 0.3770572916666667 0.0807037037037037 0.022510416666666623 0.03633333333333333
1 0.29242447916666664 0.06663425925925927 0.024255208333333358 0.0448425925925926
0 0.3571640625 0.04666666666666667 0.017942708333333356 0.029037037037037035
0 0.32340104166666667 0.041944444444444444 0.017322916666666664 0.02844444444444444
0 0.293921875 0.029555555555555557 0.014322916666666666 0.023962962962962964
0 0.31718229166666667 0.013305555555555555 0.011260416666666669 0.017907407407407407
0 0.2415625 0.15817129629629628 0.02929166666666667 0.057490740740740745
0 0.28696875 0.5226018518518518 0.07241666666666667 0.14981481481481476
0 0.49234374999999997 0.707300925925926 0.08546874999999995 0.25447222222222216
