0 0.3235494791666667 0.048768518518518524 0.018234374999999994 0.030074074074074073
0 0.7473984375 0.8272546296296296 0.13036979166666676 0.293824074074074
0 0.3194192708333333 0.026291666666666668 0.015651041666666643 0.02576851851851852
0 0.31936458333333334 0.00887962962962963 0.013645833333333298 0.01687037037037037
0 0.34434375 0.007300925925925927 0.01395833333333331 0.013898148148148147
1 0.29311718750000004 0.010634259259259258 0.015046874999999993 0.021268518518518516
0 0.05580729166666667 0.8711805555555555 0.11161458333333334 0.25665740740740745
0 0.24144270833333334 0.14979166666666666 0.02929166666666667 0.057490740740740745
0 0.2799479166666667 0.28213888888888894 0.046791666666666655 0.07794444444444446
0 0.3353567708333333 0.12968518518518518 0.026078124999999966 0.0455
0 0.4782317708333333 0.4318472222222222 0.05708854166666667 0.13925000000000004
0 0.5112786458333333 0.6649027777777778 0.08639062499999994 0.2310833333333334
