0 0.4929166666666667 0.5760694444444444 0.07296875000000001 0.19026851851851853
1 0.19771093750000002 0.48736111111111113 0.10161979166666667 0.19240740740740742
0 0.4682890625 0.3191851851851852 0.04607812500000001 0.09309259259259262
0 0.263265625 0.6951898148148149 0.10455208333333334 0.23869444444444451
0 0.28725260416666665 0.21278703703703705 0.034401041666666646 0.05831481481481483
0 0.3447578125 0.19090740740740741 0.026473958333333356 0.05392592592592593
0 0.29241406249999996 0.1280277777777778 0.025796875000000045 0.0444074074074074
0 0.33853125 0.13269444444444445 0.02595833333333335 0.043685185185185195
0 0.40661458333333333 0.15004629629629632 0.028854166666666656 0.04592592592592592
0 0.32677083333333334 0.06842592592592593 0.019895833333333356 0.03425925925925927
0 0.36759114583333335 0.06405092592592593 0.018411458333333346 0.03041666666666666
0 0.31578906250000005 0.010847222222222222 0.014140624999999988 0.021694444444444443
0 0.24140885416666666 0.15926388888888887 0.02928645833333334 0.057490740740740745
