0 0.4966302083333333 0.8133425925925927 0.0985104166666666 0.31387037037037047
1 0.08295572916666667 0.7716388888888889 0.16591145833333334 0.33709259259259255
0 0.4815494791666667 0.38590740740740737 0.05171354166666671 0.11407407407407406
0 0.2763177083333333 0.2799537037037037 0.042875000000000024 0.07370370370370367
0 0.3442369791666666 0.2619212962962963 0.03311979166666668 0.06912037037037035
0 0.2910859375 0.16475 0.029994791666666624 0.052055555555555556
0 0.3405130208333334 0.1771574074074074 0.030536458333333332 0.05253703703703702
0 0.4258697916666667 0.1925601851851852 0.033656250000000006 0.0540648148148148
0 0.3292682291666667 0.09191666666666666 0.022526041666666666 0.039203703703703706
0 0.37902864583333334 0.0897037037037037 0.021567708333333376 0.03477777777777778
0 0.31819270833333335 0.022444444444444447 0.015281250000000017 0.025666666666666664
0 0.24140885416666666 0.15926388888888887 0.02928645833333334 0.057490740740740745
