0 0.16580989583333333 0.9208564814814815 0.138078125 0.1582870370370371
0 0.48707552083333333 0.47859259259259257 0.06219270833333332 0.1507222222222222
1 0.23727864583333336 0.3823425925925926 0.07774479166666669 0.1485
0 0.4585859375 0.2809490740740741 0.043619791666666664 0.08330555555555558
0 0.3148958333333333 0.47674074074074074 0.06747916666666663 0.14340740740740746
0 0.29058072916666666 0.18019444444444446 0.031203124999999984 0.05188888888888888
0 0.34282552083333334 0.15810185185185185 0.023567708333333333 0.04801851851851853
0 0.2924765625 0.11006481481481482 0.02422395833333333 0.04096296296296297
0 0.3366015625 0.11085648148148147 0.02407812500000001 0.03956481481481482
0 0.39628125000000003 0.12623148148148147 0.02592708333333332 0.041518518518518524
0 0.3254921875 0.0559212962962963 0.018088541666666617 0.0315462962962963
0 0.361265625 0.05016203703703704 0.017427083333333353 0.027527777777777783
0 0.3145104166666666 0.007083333333333334 0.012822916666666668 0.014166666666666668
0 0.24140885416666666 0.15926388888888887 0.02928645833333334 0.057490740740740745
