0 0.2789114583333333 0.587337962962963 0.08655208333333334 0.18028703703703697
0 0.4752890625 0.38275462962962964 0.052192708333333296 0.11663888888888892
1 0.2679348958333333 0.28844907407407405 0.05753645833333332 0.11113888888888891
0 0.4409817708333333 0.23083333333333333 0.038682291666666715 0.06944444444444445
0 0.33818229166666663 0.3203981481481481 0.0463854166666667 0.09261111111111114
0 0.2925989583333333 0.14335185185185184 0.027114583333333366 0.04414814814814815
0 0.33865364583333335 0.12105092592592594 0.020296875000000013 0.04019444444444444
0 0.2924114583333334 0.08795370370370371 0.022197916666666668 0.03601851851851851
0 0.3334739583333333 0.08553703703703704 0.021781249999999967 0.034333333333333334
0 0.38313281250000003 0.09790740740740742 0.022713541666666674 0.035925925925925924
0 0.3233463541666667 0.0412037037037037 0.01661979166666665 0.028518518518518516
0 0.35378906250000003 0.03368518518518518 0.015817708333333336 0.02511111111111111
0 0.24140885416666666 0.15926388888888887 0.02928645833333334 0.057490740740740745
