0 0.3240442708333333 0.05142592592592593 0.01832812499999997 0.03035185185185186
0 0.7364114583333332 0.8544907407407407 0.13349999999999998 0.29101851851851845
0 0.3196640625 0.02850462962962963 0.01580729166666662 0.026194444444444444
0 0.31965625000000003 0.01024537037037037 0.013854166666666619 0.017842592592592594
0 0.34495572916666667 0.008555555555555556 0.014265624999999994 0.015037037037037036
1 0.29304427083333334 0.011532407407407408 0.015244791666666656 0.023064814814814816
0 0.041966145833333336 0.9043148148148148 0.08393229166666667 0.19103703703703698
0 0.24144270833333334 0.15030092592592592 0.02929166666666667 0.057490740740740745
0 0.2763177083333333 0.2970231481481481 0.049156250000000026 0.08187962962962964
0 0.3356901041666667 0.13498148148148148 0.02649479166666667 0.046870370370370375
0 0.47829427083333337 0.43453703703703705 0.057401041666666625 0.14012962962962966
0 0.512046875 0.6746388888888888 0.08754166666666668 0.2359814814814815
