0 0.3272682291666667 0.32581944444444444 0.04386979166666668 0.08549074074074073
0 0.3308385416666667 0.2209537037037037 0.033656250000000006 0.06335185185185184
0 0.33826302083333337 0.1330138888888889 0.025755208333333356 0.047749999999999994
0 0.3977057291666667 0.12697685185185184 0.02808854166666664 0.04610185185185186
1 0.29240104166666664 0.0988888888888889 0.028385416666666666 0.052666666666666674
0 0.3705703125 0.0778287037037037 0.021484375 0.035768518518518526
0 0.3301953125 0.07599074074074073 0.02083854166666666 0.034777777777777776
0 0.2937317708333333 0.04806481481481481 0.016848958333333344 0.027314814814814816
0 0.32105729166666663 0.02946759259259259 0.012239583333333333 0.023083333333333334
0 0.293265625 0.025194444444444446 0.013437500000000036 0.02246296296296297
0 0.32022656250000003 0.01424537037037037 0.015015625000000022 0.020583333333333335
0 0.3441901041666667 0.013657407407407408 0.01427604166666665 0.02098148148148148
0 0.2415 0.1586064814814815 0.02929166666666667 0.057490740740740745
0 0.4907734375 0.9302222222222222 0.100453125 0.13955555555555557
