0 0.15933854166666667 0.9029166666666667 0.13885416666666667 0.1941666666666667
0 0.32365625 0.38549074074074074 0.05298958333333334 0.11159259259259258
0 0.4595651041666667 0.3040879629629629 0.045255208333333324 0.09162037037037037
1 0.28251562500000005 0.22501851851851853 0.04538541666666666 0.0900925925925926
0 0.42212239583333333 0.18626851851851853 0.03424479166666667 0.05883333333333333
0 0.3429895833333333 0.22781944444444446 0.03621874999999998 0.07026851851851854
0 0.29340104166666664 0.11424537037037036 0.023677083333333293 0.038879629629629625
0 0.33479166666666665 0.0927638888888889 0.01821875000000001 0.03489814814814814
0 0.2919557291666667 0.06973148148148148 0.020505208333333337 0.032888888888888884
0 0.330609375 0.06383333333333333 0.019979166666666673 0.03022222222222223
0 0.37214583333333334 0.07343981481481482 0.019625000000000035 0.03176851851851852
0 0.32103906249999997 0.028328703703703703 0.01591145833333331 0.025083333333333332
0 0.3478697916666667 0.01955555555555555 0.014125000000000002 0.022814814814814812
0 0.24140885416666666 0.15926388888888887 0.02928645833333334 0.057490740740740745
