0 0.21015364583333335 0.7764537037037036 0.118265625 0.2501111111111111
0 0.3036197916666667 0.4306666666666667 0.060489583333333326 0.12277777777777775
0 0.3401979166666667 0.23070833333333332 0.035062500000000024 0.06745370370370367
0 0.4306145833333333 0.2077314814814815 0.036687500000000026 0.06568518518518518
1 0.2900182291666667 0.1551111111111111 0.035265625000000016 0.06962962962962964
0 0.3944895833333334 0.128875 0.02737500000000003 0.04458333333333332
0 0.33895572916666666 0.13955555555555554 0.026942708333333343 0.04885185185185184
0 0.29382291666666666 0.07948148148148149 0.020395833333333377 0.03266666666666667
0 0.3275416666666667 0.05828703703703704 0.015312500000000047 0.02957407407407408
0 0.29214322916666663 0.04625 0.01760937500000003 0.028574074074074068
0 0.32590364583333326 0.03791666666666667 0.01700520833333332 0.025722222222222226
0 0.35760677083333337 0.041652777777777775 0.01690104166666669 0.02673148148148148
0 0.31865625 0.011916666666666666 0.013833333333333364 0.022166666666666668
0 0.3398125 0.005898148148148148 0.012135416666666702 0.011796296296296296
0 0.24142708333333335 0.15913425925925928 0.02929166666666667 0.057490740740740745
