0 0.3086822916666667 0.42338888888888887 0.05723958333333332 0.1165185185185185
0 0.3270885416666667 0.27455555555555555 0.03927083333333338 0.0759259259259259
0 0.3402135416666667 0.16196296296296298 0.0285416666666667 0.05353703703703706
0 0.4086848958333333 0.15264814814814817 0.0313489583333333 0.05262962962962963
1 0.2918515625 0.11581481481481481 0.030265625000000008 0.05883333333333333
0 0.37820052083333333 0.0938888888888889 0.023421875000000016 0.037351851851851844
0 0.3338046875 0.0947361111111111 0.02301562500000003 0.038509259259259264
0 0.2933072916666667 0.05839351851851852 0.018302083333333326 0.029564814814814815
0 0.32284114583333334 0.03869444444444444 0.013682291666666657 0.025277777777777774
0 0.29251822916666664 0.03173611111111111 0.015276041666666629 0.024212962962962964
0 0.3221953125 0.02171296296296296 0.01563020833333333 0.02272222222222222
0 0.348703125 0.022564814814814815 0.014812500000000029 0.02342592592592593
0 0.31675000000000003 0.0059259259259259265 0.012437499999999997 0.011851851851851853
0 0.24147395833333332 0.15880092592592593 0.02929166666666667 0.057490740740740745
