0 0.4971197916666667 0.7227453703703705 0.09011458333333332 0.2635462962962963
1 0.12861979166666665 0.6563055555555555 0.1440625 0.2729074074074073
0 0.47756250000000006 0.36266203703703703 0.04956249999999998 0.10593518518518516
0 0.18554947916666667 0.9340925925925926 0.12339062499999999 0.13181481481481483
0 0.28101822916666663 0.25685185185185183 0.03980729166666667 0.0680740740740741
0 0.3455234375 0.23652314814814815 0.03103645833333335 0.06339814814814815
0 0.29175 0.1519861111111111 0.02866666666666665 0.04869444444444445
0 0.34004427083333333 0.16191666666666668 0.028953124999999958 0.04909259259259258
0 0.41949479166666664 0.17850925925925926 0.03203125 0.05098148148148148
0 0.3283776041666666 0.08411111111111111 0.021682291666666666 0.03759259259259259
0 0.3751796875 0.08096296296296296 0.02059895833333331 0.03337037037037036
0 0.31738020833333336 0.018296296296296297 0.01484375 0.02455555555555556
0 0.24140885416666666 0.15926388888888887 0.02928645833333334 0.057490740740740745
