0 0.3376067708333333 0.21918055555555555 0.03270312500000004 0.062120370370370374
0 0.33131510416666665 0.15441666666666665 0.02805729166666661 0.04857407407407408
0 0.33381249999999996 0.09438425925925926 0.022250000000000013 0.03912037037037037
0 0.3812760416666666 0.08962037037037036 0.023635416666666666 0.03783333333333333
1 0.2924713541666667 0.07310648148148148 0.024911458333333355 0.04678703703703704
0 0.3597421875 0.05319444444444444 0.018661458333333356 0.030314814814814812
0 0.3246822916666667 0.04861111111111111 0.018072916666666692 0.02933333333333334
0 0.293734375 0.03308333333333334 0.015260416666666643 0.02501851851851852
0 0.3178697916666666 0.016694444444444446 0.01207291666666664 0.01801851851851852
0 0.31717447916666663 0.006324074074074074 0.01346354166666668 0.012648148148148148
0 0.33839322916666664 0.004134259259259259 0.011890625000000021 0.008268518518518519
0 0.241546875 0.15827314814814816 0.02929166666666667 0.057490740740740745
0 0.2625677083333333 0.615712962962963 0.08773958333333336 0.184462962962963
0 0.493078125 0.769537037037037 0.09260416666666664 0.2905555555555555
