0 0.2857473958333333 0.5184166666666666 0.07345312499999998 0.14661111111111103
0 0.32215364583333334 0.3213009259259259 0.04556770833333334 0.08776851851851848
0 0.3406953125 0.184912037037037 0.030994791666666664 0.05845370370370372
0 0.4166223958333333 0.17218981481481482 0.03272395833333335 0.056212962962962944
1 0.291078125 0.12965277777777778 0.03189583333333334 0.06300925925925926
0 0.38397135416666667 0.10628703703703703 0.024630208333333313 0.040259259259259265
0 0.3359583333333333 0.11000000000000001 0.02454166666666667 0.0422037037037037
0 0.293515625 0.06554166666666666 0.01888541666666666 0.03200925925925925
0 0.32452864583333335 0.045287037037037035 0.014390624999999997 0.02601851851851852
0 0.29235156250000005 0.03710648148148148 0.016442708333333358 0.026064814814814815
0 0.3236119791666667 0.027268518518518522 0.01629687499999998 0.023759259259259258
0 0.3518697916666666 0.029749999999999995 0.015395833333333364 0.02416666666666667
0 0.317328125 0.007736111111111111 0.013593750000000012 0.015472222222222222
0 0.2414557291666667 0.15893055555555555 0.029286458333333314 0.057490740740740745
