0 0.2959192708333333 0.4788472222222222 0.06654687499999999 0.13386111111111115
0 0.324390625 0.3023935185185185 0.04320833333333329 0.08332407407407408
0 0.340515625 0.17630555555555555 0.03007291666666667 0.0566111111111111
0 0.4136458333333334 0.16486111111111112 0.03220833333333335 0.05487037037037039
1 0.29136718749999996 0.12446296296296296 0.03128645833333336 0.06144444444444445
0 0.38180729166666666 0.10163888888888889 0.02417708333333331 0.03916666666666665
0 0.33515104166666665 0.10427777777777779 0.02396874999999999 0.04081481481481481
0 0.2934375000000001 0.06286111111111112 0.018666666666666682 0.0310925925925926
0 0.3238958333333334 0.04281481481481482 0.014125000000000002 0.025740740740740738
0 0.29241406249999996 0.03509259259259259 0.016005208333333285 0.025370370370370373
0 0.3230807291666667 0.025185185185185185 0.01604687500000003 0.02337037037037037
0 0.35068229166666665 0.027055555555555555 0.015177083333333325 0.023888888888888887
0 0.31711197916666667 0.007055555555555555 0.013161458333333324 0.01411111111111111
0 0.2414609375 0.158875 0.02928645833333334 0.057490740740740745
