0 0.14660416666666667 0.9338148148148148 0.1283645833333333 0.13237037037037042
0 0.3203958333333334 0.40340740740740744 0.055552083333333314 0.11724074074074074
0 0.46155208333333336 0.31263425925925925 0.046010416666666686 0.09415740740740741
1 0.2813307291666666 0.23133796296296297 0.04653645833333334 0.09210185185185182
0 0.42438281250000004 0.1911712962962963 0.03469270833333334 0.05999074074074076
0 0.342953125 0.23656944444444444 0.037114583333333326 0.0722685185185185
0 0.293375 0.11737037037037036 0.024125000000000025 0.039444444444444456
0 0.33526041666666667 0.09569444444444444 0.018458333333333302 0.03546296296296296
0 0.2919921875 0.07175462962962964 0.020723958333333313 0.03313888888888889
0 0.33095572916666666 0.06615277777777777 0.020130208333333323 0.03060185185185185
0 0.37330989583333335 0.07610648148148147 0.019921875 0.03219444444444444
0 0.32124479166666664 0.02978703703703704 0.0160416666666667 0.025296296296296292
0 0.34855468749999996 0.021046296296296296 0.014255208333333335 0.023055555555555555
0 0.24140885416666666 0.15926388888888887 0.02928645833333334 0.057490740740740745
