0 0.27421093750000003 0.6048055555555556 0.089734375 0.18735185185185188
0 0.47616145833333334 0.3877407407407407 0.0526979166666667 0.11825925925925929
1 0.2666171875 0.29291203703703705 0.05836979166666669 0.11256481481481481
0 0.4420598958333333 0.23363888888888887 0.038942708333333326 0.07012962962962961
0 0.33760937500000004 0.3269768518518518 0.047187500000000014 0.09462037037037037
0 0.2925390625 0.1451851851851852 0.0272447916666667 0.044481481481481476
0 0.33890625 0.1229861111111111 0.02041666666666663 0.040564814814814804
0 0.29244270833333336 0.0890787037037037 0.02233333333333333 0.03634259259259259
0 0.33365625 0.08689814814814814 0.021968750000000033 0.03461111111111112
0 0.38386718750000004 0.09946296296296296 0.022828125000000022 0.036314814814814814
0 0.32348177083333335 0.0419675925925926 0.01669270833333337 0.02875
0 0.35416145833333335 0.034638888888888886 0.015968750000000042 0.025314814814814814
0 0.24140885416666666 0.15926388888888887 0.02928645833333334 0.057490740740740745
