0 0.32650260416666665 0.3317407407407407 0.0445677083333333 0.08688888888888886
0 0.33075 0.2245277777777778 0.03399999999999999 0.06427777777777777
0 0.33841145833333336 0.1350277777777778 0.025989583333333382 0.04827777777777778
0 0.39855468749999995 0.12890740740740741 0.02830729166666668 0.046444444444444455
1 0.2923828125 0.1001712962962963 0.028567708333333285 0.052990740740740755
0 0.3711484375 0.07902777777777777 0.02166145833333335 0.03620370370370371
0 0.3304739583333333 0.07749999999999999 0.020927083333333367 0.034999999999999996
0 0.29375 0.048796296296296296 0.016875000000000046 0.027407407407407408
0 0.3212760416666667 0.030138888888888885 0.012239583333333333 0.023240740740740742
0 0.2932552083333333 0.025736111111111112 0.013437500000000036 0.022583333333333334
0 0.32037760416666666 0.01462962962962963 0.015078125000000024 0.020925925925925928
0 0.3444791666666667 0.01412037037037037 0.014375000000000011 0.021574074074074072
0 0.24149739583333335 0.158625 0.02928645833333334 0.057490740740740745
0 0.49064583333333334 0.9373611111111111 0.09865624999999997 0.12527777777777774
