0 0.49243489583333333 0.5668425925925926 0.07200520833333333 0.18627777777777774
1 0.20170572916666665 0.47709722222222223 0.09926562499999998 0.1876944444444444
0 0.46756770833333333 0.3159722222222222 0.04594791666666668 0.09203703703703701
0 0.26922135416666665 0.6716666666666667 0.10019270833333334 0.22740740740740742
0 0.28761718750000004 0.2097175925925926 0.034005208333333314 0.057675925925925915
0 0.3446145833333334 0.18788425925925928 0.026208333333333358 0.05334259259259258
0 0.29244791666666664 0.12641203703703702 0.025687499999999967 0.04424999999999999
0 0.3383776041666666 0.1306851851851852 0.02574479166666664 0.043407407407407415
0 0.40568750000000003 0.1479398148148148 0.028687500000000022 0.04556481481481482
0 0.3266536458333333 0.06737037037037036 0.019796874999999995 0.03396296296296296
0 0.36704427083333335 0.06286111111111112 0.018265624999999966 0.030240740740740738
0 0.3156848958333333 0.010481481481481482 0.01399479166666667 0.020962962962962964
0 0.24140885416666666 0.15926388888888887 0.02928645833333334 0.057490740740740745
