0 0.4940364583333333 0.8714351851851851 0.11244791666666666 0.25712962962962965
1 0.059309895833333334 0.8586203703703703 0.11861979166666667 0.28275925925925927
0 0.4854088541666667 0.41050462962962964 0.0538697916666667 0.12343518518518519
0 0.2701796875 0.3070092592592593 0.04619270833333336 0.07968518518518519
0 0.34258072916666665 0.2904305555555555 0.035046874999999984 0.07525000000000004
0 0.29027083333333337 0.17793981481481483 0.031124999999999996 0.05578703703703704
0 0.3409375 0.19282407407407406 0.03218749999999997 0.05620370370370369
0 0.4323333333333333 0.2069074074074074 0.03522916666666666 0.057481481481481494
0 0.33022135416666665 0.09972222222222223 0.023307291666666667 0.04092592592592594
0 0.38298177083333335 0.0987037037037037 0.02247395833333332 0.03611111111111111
0 0.3189609375 0.02666666666666667 0.015932291666666685 0.026666666666666672
0 0.24140885416666666 0.15926388888888887 0.02928645833333334 0.057490740740740745
