0 0.31391927083333326 0.4352129629629629 0.06063020833333332 0.12746296296296297
0 0.464390625 0.3260324074074074 0.04705208333333329 0.09841666666666664
1 0.27934114583333336 0.24147685185185186 0.0485364583333333 0.09558333333333335
0 0.42776041666666664 0.1987824074074074 0.03549999999999998 0.0617685185185185
0 0.3425078125 0.2513518518518519 0.03859895833333334 0.07503703703703705
0 0.293234375 0.12236111111111111 0.02485416666666668 0.04035185185185185
0 0.3358854166666667 0.10027777777777779 0.018833333333333317 0.0362962962962963
0 0.2920703125 0.07490740740740741 0.02094270833333335 0.033444444444444436
0 0.33143229166666666 0.06988888888888888 0.020302083333333342 0.031296296296296294
0 0.37511458333333336 0.08025925925925927 0.02062500000000001 0.032666666666666656
0 0.3216744791666667 0.03206481481481481 0.01608854166666666 0.025907407407407403
0 0.3495546875 0.02335185185185185 0.014473958333333314 0.023333333333333334
0 0.24140885416666666 0.15926388888888887 0.02928645833333334 0.057490740740740745
