0 0.49484375 0.6129814814814815 0.07682291666666667 0.20622222222222225
1 0.18173177083333333 0.528425925925926 0.11103645833333332 0.21124074074074073
0 0.4711796875 0.3320416666666667 0.04658854166666663 0.09728703703703703
0 0.23943229166666666 0.7892962962962964 0.12196874999999997 0.2838148148148149
0 0.2857864583333333 0.2250648148148148 0.03596875000000003 0.06087037037037038
0 0.34532291666666665 0.20299537037037038 0.02755208333333332 0.05626851851851853
0 0.2922760416666667 0.13449074074074074 0.02623958333333333 0.04503703703703702
0 0.339140625 0.14072685185185185 0.026822916666666665 0.04480555555555556
0 0.4103151041666667 0.15846759259259258 0.029536458333333293 0.04737962962962962
0 0.3272395833333333 0.07264814814814814 0.020291666666666628 0.03544444444444444
0 0.36977864583333336 0.06881018518518518 0.01899479166666668 0.031120370370370378
0 0.31611718749999995 0.0125 0.01470312499999995 0.022907407407407408
0 0.24140885416666666 0.15926388888888887 0.02928645833333334 0.057490740740740745
