0 0.143625 0.9371666666666667 0.1263125 0.1256666666666667
0 0.2829244791666667 0.522537037037037 0.07543229166666666 0.154
0 0.3389947916666667 0.26510648148148147 0.03840625 0.07775
0 0.43930208333333337 0.23203240740740744 0.03889583333333331 0.07130555555555558
1 0.28926562499999997 0.17234259259259258 0.037197916666666705 0.07457407407407407
0 0.4020078125 0.14338425925925927 0.029421875000000004 0.050083333333333334
0 0.34047656249999997 0.16073148148148145 0.029984375000000025 0.053907407407407404
0 0.2938046875 0.08851851851851851 0.021348958333333338 0.034444444444444444
0 0.3296875 0.06662037037037037 0.01593749999999995 0.031574074074074074
0 0.2922265625 0.05236111111111111 0.017942708333333297 0.029537037037037035
0 0.3272786458333333 0.04439814814814815 0.017838541666666666 0.027129629629629632
0 0.3614322916666667 0.05037037037037037 0.018489583333333334 0.02814814814814814
0 0.31961458333333337 0.01587962962962963 0.013999999999999997 0.023425925925925926
0 0.34171093750000003 0.008425925925925925 0.012828124999999998 0.01685185185185185
0 0.24140885416666666 0.15926388888888887 0.02928645833333334 0.057490740740740745
