0 0.3289296875 0.08236111111111111 0.020348958333333358 0.03568518518518518
0 0.32249479166666667 0.05354629629629629 0.018177083333333323 0.030759259259259257
0 0.32286458333333334 0.026055555555555557 0.01587500000000001 0.02703703703703704
0 0.35186458333333337 0.023111111111111114 0.016916666666666677 0.025888888888888885
1 0.2923385416666667 0.022546296296296293 0.017885416666666685 0.03475925925925926
0 0.34079166666666666 0.007314814814814815 0.013374999999999974 0.01462962962962963
0 0.24112760416666668 0.15339351851851854 0.029286458333333314 0.057490740740740745
0 0.2065078125 0.5191111111111111 0.09102604166666665 0.15987037037037038
0 0.337921875 0.19491203703703702 0.031552083333333356 0.05876851851851852
0 0.48024218750000003 0.47184259259259265 0.06057812500000003 0.1549444444444444
0 0.5203776041666667 0.8095416666666667 0.10239062500000001 0.3027129629629629
