0 0.3323255208333334 0.11212962962962963 0.023265624999999977 0.04111111111111112
0 0.32536458333333335 0.07699074074074075 0.02010416666666668 0.03453703703703703
0 0.3256770833333333 0.042958333333333334 0.01708333333333337 0.030194444444444444
0 0.3590885416666667 0.03953703703703704 0.018177083333333323 0.028333333333333335
1 0.29187500000000005 0.03569444444444444 0.021041666666666656 0.03768518518518519
0 0.3454166666666667 0.016481481481481482 0.015312499999999988 0.023888888888888887
0 0.3178958333333333 0.010833333333333332 0.01410416666666663 0.021666666666666664
0 0.29333333333333333 0.00962962962962963 0.012187499999999988 0.01925925925925926
0 0.24159114583333335 0.15574537037037037 0.02928645833333334 0.057490740740740745
0 0.06748697916666666 0.8809907407407408 0.1349739583333333 0.23801851851851846
0 0.33511718749999997 0.2614351851851852 0.03763020833333333 0.07268518518518521
0 0.48386979166666666 0.5190787037037037 0.06444791666666667 0.16887962962962957
0 0.5338385416666667 0.8926388888888889 0.12273958333333332 0.2147222222222222
