0 0.3362239583333333 0.1577777777777778 0.027062499999999958 0.04894444444444446
0 0.32921614583333336 0.11114814814814815 0.023359375000000012 0.04018518518518519
0 0.3299583333333333 0.06683796296296296 0.019156249999999986 0.03476851851851852
0 0.3688177083333333 0.06296759259259259 0.020802083333333363 0.03265740740740741
1 0.2923463541666667 0.05273611111111111 0.022630208333333297 0.04137962962962963
0 0.35190104166666664 0.034277777777777775 0.016666666666666666 0.026648148148148147
0 0.320625 0.02854166666666667 0.016427083333333314 0.026046296296296297
0 0.29379687499999996 0.02171296296296296 0.013072916666666679 0.022314814814814815
0 0.31565885416666667 0.0069722222222222225 0.010244791666666645 0.013944444444444445
0 0.241609375 0.1578935185185185 0.02929166666666667 0.057490740740740745
0 0.31747656250000006 0.3830046296296296 0.052296874999999986 0.10578703703703704
0 0.4884921875 0.6094953703703704 0.07458854166666669 0.20602777777777778
