0 0.33735677083333326 0.18685185185185185 0.02960937500000001 0.054796296296296274
0 0.3305729166666667 0.1322361111111111 0.025562500000000023 0.044509259259259255
0 0.3320807291666667 0.08039351851851852 0.02049479166666668 0.03650925925925926
0 0.3750208333333333 0.07637962962962964 0.02202083333333332 0.03553703703703705
1 0.29240364583333334 0.06338425925925925 0.023911458333333316 0.043935185185185195
0 0.3558958333333333 0.04356018518518519 0.01761458333333336 0.02843518518518518
0 0.32275000000000004 0.03868981481481481 0.017020833333333308 0.027972222222222225
0 0.29396875 0.027777777777777776 0.013916666666666681 0.02348148148148148
0 0.3168333333333333 0.011680555555555553 0.010916666666666627 0.017527777777777778
0 0.24156770833333333 0.158125 0.02929166666666667 0.057490740740740745
0 0.2969375 0.48210185185185184 0.06560416666666669 0.13449999999999993
0 0.4917630208333333 0.6793981481481481 0.08228645833333328 0.2390185185185186
