0 0.18047135416666665 0.8910833333333333 0.1386510416666667 0.21783333333333332
0 0.48591666666666666 0.46518055555555554 0.060489583333333326 0.1451203703703704
1 0.2421875 0.3688842592592592 0.07439583333333331 0.1426759259259259
0 0.45684635416666663 0.2746157407407408 0.04309895833333333 0.08200925925925925
0 0.3195520833333333 0.4512407407407408 0.06416666666666664 0.13388888888888886
0 0.2910078125 0.17526851851851855 0.030848958333333343 0.05096296296296295
0 0.3424765625 0.1530462962962963 0.02311979166666666 0.04716666666666666
0 0.2924453125 0.10724074074074073 0.023932291666666692 0.04020370370370371
0 0.33626822916666665 0.10748611111111112 0.023848958333333316 0.03878703703703704
0 0.3946510416666667 0.12243518518518517 0.025333333333333326 0.04077777777777778
0 0.32529427083333334 0.053856481481481484 0.01771354166666672 0.031194444444444448
0 0.3602395833333334 0.04789351851851852 0.01735416666666669 0.026953703703703702
0 0.31429687500000003 0.006527777777777777 0.012645833333333379 0.013055555555555555
0 0.24140885416666666 0.15926388888888887 0.02928645833333334 0.057490740740740745
