0 0.2328515625 0.7043425925925927 0.10882812499999997 0.2242777777777777
0 0.33357291666666666 0.3196435185185185 0.04516666666666668 0.09145370370370375
0 0.45019791666666664 0.26733333333333337 0.04158333333333329 0.08162962962962965
1 0.2872109375 0.19856944444444444 0.04108854166666666 0.08249074074074074
0 0.41191927083333335 0.16493055555555555 0.03261979166666666 0.053842592592592574
0 0.3419765625 0.19340740740740742 0.03260937500000001 0.060592592592592594
0 0.29320833333333335 0.10105555555555555 0.0218125 0.0365925925925926
0 0.3324479166666666 0.08013888888888888 0.0171875 0.03231481481481482
0 0.2918619791666667 0.06097222222222222 0.019192708333333287 0.03157407407407408
0 0.32891927083333333 0.05416666666666667 0.019140625 0.028888888888888884
0 0.3670833333333333 0.06189814814814814 0.019062500000000013 0.029351851851851855
0 0.3205 0.022037037037037036 0.014833333333333342 0.024999999999999998
0 0.3447057291666667 0.013055555555555555 0.013609374999999998 0.02148148148148148
0 0.24140885416666666 0.15926388888888887 0.02928645833333334 0.057490740740740745
