0 0.32734114583333335 0.071125 0.01931770833333329 0.03334259259259258
0 0.3214140625 0.044675925925925924 0.01726562500000005 0.02911111111111111
0 0.3216979166666667 0.019800925925925927 0.015312499999999988 0.02465740740740741
0 0.3492395833333333 0.017375 0.016416666666666656 0.022935185185185183
1 0.29260677083333336 0.018046296296296296 0.016630208333333306 0.03311111111111111
0 0.24128385416666667 0.15274537037037034 0.02928645833333334 0.057490740740740745
0 0.24026041666666667 0.4220231481481482 0.07143749999999999 0.12025000000000001
0 0.33758072916666665 0.17335648148148147 0.029640624999999983 0.05463888888888888
0 0.479234375 0.45646296296296296 0.059385416666666656 0.1499444444444445
0 0.5167421875 0.7559629629629631 0.096234375 0.2758148148148148
