0 0.3374765625 0.19346759259259258 0.030223958333333318 0.05625
0 0.33077864583333333 0.136875 0.02606770833333331 0.04541666666666666
0 0.33248177083333336 0.08333333333333333 0.020828125000000006 0.036981481481481476
0 0.3763541666666666 0.0792175925925926 0.022322916666666675 0.03608333333333334
1 0.2924166666666667 0.06555555555555555 0.024145833333333342 0.04451851851851853
0 0.35673437500000005 0.045578703703703705 0.017822916666666622 0.028824074074074082
0 0.3231875 0.04083333333333333 0.017197916666666656 0.0282962962962963
0 0.293953125 0.028967592592592597 0.01416666666666669 0.023787037037037037
0 0.3170677083333333 0.012740740740740742 0.011125000000000006 0.017888888888888888
0 0.2415625 0.15816203703703705 0.02929166666666667 0.057490740740740745
0 0.2907005208333333 0.5079814814814815 0.06985937500000003 0.14403703703703705
0 0.4922239583333333 0.696925925925926 0.08428125000000003 0.248462962962963
