0 0.33652604166666666 0.1632916666666667 0.02752083333333329 0.049916666666666665
0 0.32955208333333336 0.11516203703703703 0.023770833333333328 0.04087962962962962
0 0.3303932291666667 0.06950462962962962 0.019453125000000012 0.03517592592592593
0 0.3699791666666667 0.06556481481481481 0.021104166666666656 0.033166666666666664
1 0.29237239583333335 0.05465740740740741 0.022890625000000022 0.04183333333333334
0 0.35262499999999997 0.03611574074074074 0.01690625000000002 0.02702777777777778
0 0.32095833333333335 0.030430555555555558 0.016604166666666663 0.026564814814814815
0 0.29384375 0.022962962962962963 0.013166666666666712 0.022444444444444447
0 0.315875 0.007717592592592594 0.01033333333333335 0.014787037037037038
0 0.24158593750000001 0.15799537037037037 0.029286458333333314 0.057490740740740745
0 0.3142890625 0.4000462962962963 0.05439062499999998 0.11016666666666668
0 0.4890625 0.6221296296296296 0.07585416666666672 0.21162962962962958
