0 0.143625 0.9371666666666667 0.1263125 0.1256666666666667
0 0.27856249999999994 0.5383055555555556 0.07818750000000001 0.1596851851851852
0 0.3384505208333334 0.27056018518518515 0.03907812500000005 0.07912037037037038
0 0.440390625 0.2355601851851852 0.039166666666666634 0.07234259259259261
1 0.28905989583333336 0.17496296296296293 0.037588541666666704 0.07537037037037038
0 0.40299999999999997 0.14553703703703705 0.029739583333333285 0.050462962962962966
0 0.34062760416666665 0.164 0.030244791666666635 0.05457407407407407
0 0.29374479166666667 0.08977314814814814 0.021395833333333295 0.034657407407407415
0 0.32996354166666664 0.06797222222222223 0.016062500000000018 0.03164814814814815
0 0.2921901041666667 0.053222222222222226 0.018067708333333363 0.029740740740740745
0 0.3274427083333334 0.045375 0.01796875 0.02730555555555556
0 0.3619973958333334 0.051523148148148144 0.018546875000000008 0.028268518518518512
0 0.319703125 0.016495370370370372 0.014083333333333373 0.02358333333333333
0 0.34201041666666665 0.008773148148148148 0.012906249999999985 0.017546296296296296
0 0.24140885416666666 0.15926388888888887 0.02928645833333334 0.057490740740740745
