0 0.27284375 0.5648796296296296 0.0814791666666667 0.1640185185185185
0 0.31923697916666666 0.34247222222222223 0.04801562499999997 0.09438888888888888
0 0.340640625 0.19477314814814817 0.03188541666666668 0.06023148148148146
0 0.41978125 0.18003703703703702 0.03354166666666666 0.05818518518518519
1 0.29082552083333335 0.13526388888888888 0.03264062500000004 0.06450925925925925
0 0.38627604166666674 0.11131944444444444 0.025197916666666664 0.041138888888888885
0 0.3366979166666667 0.11637962962962962 0.025020833333333315 0.04364814814814814
0 0.2935989583333333 0.0685925925925926 0.019197916666666672 0.032296296296296295
0 0.32519270833333336 0.04812962962962963 0.014614583333333304 0.026703703703703705
0 0.2922890625 0.03916666666666666 0.016776041666666627 0.026703703703703705
0 0.32414322916666666 0.02962962962962963 0.016463541666666675 0.024185185185185185
0 0.3531328125 0.03236574074074074 0.015651041666666643 0.024694444444444442
0 0.31760416666666663 0.008555555555555556 0.013749999999999988 0.01711111111111111
0 0.24144791666666665 0.15897685185185184 0.02929166666666667 0.057490740740740745
