0 0.4949635416666666 0.8563425925925926 0.10771875000000003 0.28731481481481475
1 0.06719270833333332 0.8382407407407407 0.13438541666666665 0.3235185185185185
0 0.48412239583333333 0.4023055555555556 0.05315104166666664 0.12031481481481482
0 0.27227604166666663 0.2977777777777778 0.0450833333333333 0.07768518518518522
0 0.34311458333333333 0.2808009259259259 0.03440624999999997 0.07321296296296295
0 0.2905416666666667 0.1735462962962963 0.030749999999999982 0.054537037037037044
0 0.340796875 0.18760185185185185 0.03163541666666667 0.054981481481481506
0 0.43017968749999996 0.20212500000000003 0.034703124999999994 0.05634259259259259
0 0.3299036458333333 0.09712037037037037 0.023046875 0.04035185185185186
0 0.3816640625 0.09570370370370371 0.022171875000000025 0.03566666666666667
0 0.3187057291666667 0.02525925925925926 0.015713541666666647 0.02633333333333333
0 0.24140885416666666 0.15926388888888887 0.02928645833333334 0.057490740740740745
