0 0.3039973958333333 0.4445185185185185 0.060744791666666666 0.12307407407407403
0 0.3261119791666667 0.28532407407407406 0.040848958333333366 0.07888888888888888
0 0.3403333333333334 0.16769907407407408 0.02915624999999995 0.05476851851851852
0 0.41066927083333327 0.15753703703703703 0.03169270833333335 0.0535185185185185
1 0.2916588541666666 0.11927314814814814 0.030671874999999994 0.05987962962962963
0 0.37964322916666665 0.09698611111111112 0.023723958333333368 0.03808333333333333
0 0.33434375000000005 0.09855092592592593 0.023395833333333314 0.03943518518518519
0 0.293359375 0.06018055555555556 0.018447916666666706 0.03017592592592593
0 0.3232630208333333 0.04034259259259259 0.013859375000000007 0.02546296296296296
0 0.29247656250000004 0.0330787037037037 0.015567708333333326 0.024675925925925924
0 0.3225494791666667 0.023101851851851853 0.015796875000000023 0.02298148148148148
0 0.34949479166666664 0.024361111111111115 0.014958333333333348 0.02361111111111111
0 0.3168932291666666 0.006379629629629629 0.012723958333333308 0.012759259259259258
0 0.24146875 0.15882870370370372 0.02929166666666667 0.057490740740740745
