0 0.32984635416666663 0.08913888888888889 0.021098958333333327 0.03716666666666667
0 0.3231927083333333 0.05880555555555556 0.018697916666666654 0.0317962962962963
0 0.32359374999999996 0.03025925925925926 0.01612499999999996 0.027962962962962967
0 0.3535729166666667 0.026962962962962963 0.016958333333333304 0.027148148148148147
1 0.2921510416666667 0.02560185185185185 0.018843749999999975 0.0347962962962963
0 0.34199999999999997 0.008888888888888889 0.014041666666666685 0.017777777777777778
0 0.31724739583333333 0.005337962962962963 0.011348958333333315 0.010675925925925926
0 0.2410390625 0.1537638888888889 0.02928645833333334 0.057490740740740745
0 0.178796875 0.5894259259259259 0.10817708333333333 0.19096296296296297
0 0.3376380208333334 0.209625 0.03274479166666667 0.06163888888888888
0 0.48094270833333336 0.4818611111111112 0.06138541666666667 0.15705555555555556
0 0.5235859374999999 0.8412037037037037 0.1055052083333333 0.3175925925925926
