0 0.331921875 0.10821296296296297 0.02290625000000001 0.040462962962962964
0 0.325 0.07387962962962964 0.019875000000000042 0.03409259259259259
0 0.3253333333333333 0.04083796296296296 0.016916666666666677 0.029842592592592598
0 0.35815625000000006 0.0374074074074074 0.01793749999999997 0.02822222222222222
1 0.2919114583333334 0.03398148148148149 0.02069791666666667 0.03711111111111111
0 0.3448541666666667 0.015120370370370369 0.01512499999999998 0.02298148148148148
0 0.31781770833333334 0.009907407407407406 0.013656250000000014 0.019814814814814813
0 0.29323958333333333 0.00875925925925926 0.011999999999999981 0.01751851851851852
0 0.24147135416666668 0.15538425925925925 0.02928645833333334 0.057490740740740745
0 0.07819791666666666 0.8512685185185185 0.15639583333333332 0.29746296296296293
0 0.3355833333333333 0.25259722222222225 0.03677083333333334 0.0707685185185185
0 0.48335416666666664 0.5126342592592592 0.06391666666666668 0.16673148148148142
0 0.5319791666666667 0.8838796296296295 0.11991666666666667 0.23224074074074078
