0 0.3352057291666667 0.2587361111111111 0.036338541666666654 0.07015740740740739
0 0.33159375 0.17996296296296296 0.030000000000000013 0.05338888888888889
0 0.33610677083333335 0.1097037037037037 0.023348958333333353 0.04198148148148149
0 0.3878541666666667 0.10451388888888889 0.025479166666666647 0.04158333333333334
1 0.29253385416666666 0.08375 0.02627604166666663 0.048999999999999995
0 0.36393749999999997 0.06353703703703704 0.019593750000000004 0.031518518518518515
0 0.3269140625 0.05893518518518519 0.01952604166666667 0.03183333333333334
0 0.2935989583333333 0.039314814814814816 0.01630208333333337 0.026148148148148146
0 0.31879166666666664 0.02174537037037037 0.012270833333333364 0.020583333333333335
0 0.2933958333333333 0.0187037037037037 0.013437500000000036 0.02107407407407407
0 0.3184140625 0.009634259259259259 0.014265624999999994 0.01636111111111111
0 0.34070572916666664 0.008074074074074076 0.013119791666666695 0.013814814814814814
0 0.24152864583333333 0.15841203703703702 0.02928645833333334 0.057490740740740745
0 0.20267968749999998 0.8265879629629629 0.12375520833333334 0.2756388888888888
0 0.49263020833333326 0.8540231481481482 0.10493749999999995 0.29195370370370366
