0 0.14051562499999998 0.9505462962962962 0.12061458333333333 0.09890740740740746
0 0.316078125 0.42461111111111116 0.058937500000000045 0.12405555555555563
0 0.46344531250000004 0.32156481481481486 0.04670312499999998 0.09699999999999999
1 0.28000260416666667 0.23810185185185184 0.04786979166666665 0.09442592592592591
0 0.4266328125 0.19624537037037038 0.03523437500000005 0.06117592592592592
0 0.34265625000000005 0.2464259259259259 0.03810416666666665 0.07411111111111113
0 0.29328125 0.12069907407407407 0.02461458333333333 0.04004629629629628
0 0.33567708333333335 0.09875 0.018708333333333372 0.03601851851851851
0 0.29204427083333334 0.07385648148148148 0.020869791666666634 0.03334259259259259
0 0.33127343750000005 0.0686435185185185 0.020244791666666668 0.031064814814814812
0 0.3745130208333334 0.078875 0.02039062499999999 0.03250925925925926
0 0.32153124999999994 0.03130555555555556 0.016072916666666673 0.0257037037037037
0 0.34922135416666666 0.022583333333333334 0.014401041666666715 0.02324074074074074
0 0.24140885416666666 0.15926388888888887 0.02928645833333334 0.057490740740740745
