0 0.49678906250000004 0.7973888888888889 0.09718229166666674 0.30462962962962975
1 0.08853645833333333 0.7504537037037037 0.16782291666666668 0.32479629629629625
0 0.48090625 0.38180555555555556 0.05135416666666668 0.11251851851851856
0 0.27721875 0.27597222222222223 0.04232291666666666 0.07270370370370369
0 0.3445625 0.2574768518518519 0.03280208333333328 0.06810185185185186
0 0.29122135416666667 0.16255092592592593 0.029807291666666676 0.051435185185185195
0 0.3404427083333334 0.17454629629629628 0.03026041666666668 0.05192592592592594
0 0.4247916666666666 0.19016666666666665 0.03339583333333333 0.0535
0 0.329109375 0.09061574074074073 0.022395833333333334 0.03891666666666667
0 0.3783697916666667 0.0882037037037037 0.02141666666666667 0.03455555555555556
0 0.3180651041666666 0.02174074074074074 0.015171874999999998 0.0255
0 0.24140885416666666 0.15926388888888887 0.02928645833333334 0.057490740740740745
