0 0.31986197916666664 0.029453703703703704 0.016609374999999992 0.027129629629629632
0 0.8270390625 0.617287037037037 0.11508854166666668 0.19955555555555554
0 0.31792187499999996 0.011851851851851851 0.014177083333333347 0.020814814814814814
0 0.14867708333333335 0.9348148148148149 0.12787500000000002 0.13037037037037033
0 0.18221614583333334 0.5263981481481481 0.099734375 0.17809259259259258
0 0.24038541666666668 0.14624537037037036 0.02929166666666667 0.057490740740740745
0 0.2926666666666667 0.2000185185185185 0.03499999999999996 0.060444444444444446
0 0.33194270833333334 0.09705092592592593 0.02332291666666665 0.04041666666666667
0 0.47699479166666664 0.41044444444444445 0.05511458333333336 0.13233333333333336
0 0.5071536458333333 0.6120648148148148 0.08110937499999996 0.20668518518518522
