0 0.33754947916666667 0.20816203703703703 0.031640625 0.05960185185185186
0 0.3310859375 0.14689814814814817 0.02720312499999995 0.04722222222222222
0 0.3332421875 0.08964814814814814 0.021640625000000035 0.038203703703703705
0 0.37916666666666665 0.08516203703703704 0.023072916666666644 0.03708333333333333
1 0.29244791666666664 0.06987037037037037 0.024583333333333356 0.045814814814814815
0 0.358453125 0.049930555555555554 0.018302083333333326 0.02967592592592593
0 0.3240416666666667 0.04527777777777778 0.017697916666666678 0.02888888888888889
0 0.29382812500000005 0.03131944444444445 0.014791666666666654 0.024490740740740737
0 0.3175260416666667 0.015 0.011666666666666655 0.017962962962962962
0 0.3169010416666667 0.005388888888888889 0.012916666666666703 0.010777777777777778
0 0.24155468749999998 0.15822685185185184 0.029286458333333314 0.057490740740740745
0 0.27576822916666666 0.5664490740740741 0.080078125 0.1671388888888889
0 0.4927109375 0.7384166666666667 0.08903645833333336 0.27251851851851844
