0 0.3296171875 0.08744444444444444 0.02091145833333338 0.036796296296296306
0 0.3230182291666666 0.057490740740740745 0.01856770833333332 0.03153703703703704
0 0.32341145833333335 0.029208333333333336 0.016062500000000018 0.027731481481481485
0 0.3531458333333333 0.026 0.01694791666666665 0.026833333333333334
1 0.29219791666666667 0.02483796296296296 0.018604166666666682 0.03478703703703704
0 0.34169791666666666 0.008495370370370372 0.013874999999999993 0.016990740740740744
0 0.3171171875 0.004902777777777778 0.011088541666666648 0.009805555555555555
0 0.2410625 0.15367129629629628 0.029291666666666643 0.057490740740740745
0 0.18674739583333333 0.5707361111111111 0.10288020833333332 0.18178703703703697
0 0.33773437500000003 0.20581018518518515 0.0324479166666667 0.06091666666666666
0 0.48076822916666667 0.4793564814814815 0.061182291666666624 0.1565277777777778
0 0.5219270833333334 0.8349583333333334 0.10551041666666675 0.31899074074074074
