0 0.3009635416666666 0.49883333333333335 0.07078124999999999 0.1478888888888889
0 0.47006770833333333 0.35282407407407407 0.04913541666666668 0.10694444444444444
1 0.2751770833333333 0.26399074074074075 0.05254166666666667 0.10257407407407408
0 0.4345130208333333 0.2139953703703704 0.03711979166666666 0.06534259259259256
0 0.34161458333333333 0.28092129629629625 0.041562499999999974 0.08056481481481481
0 0.29295052083333334 0.1323425925925926 0.026317708333333318 0.04216666666666666
0 0.33713541666666663 0.10944444444444443 0.019583333333333345 0.03796296296296295
0 0.2922265625 0.08121296296296296 0.02138020833333337 0.034055555555555554
0 0.3323854166666667 0.07736111111111112 0.020645833333333325 0.032685185185185185
0 0.37872395833333333 0.08856481481481482 0.022031249999999978 0.033611111111111105
0 0.32253385416666663 0.036620370370370366 0.016182291666666633 0.027129629629629632
0 0.35155468749999996 0.027962962962962967 0.01491145833333333 0.02388888888888889
0 0.24140885416666666 0.15926388888888887 0.02928645833333334 0.057490740740740745
