0 0.31862760416666663 0.02287037037037037 0.01576562499999999 0.026296296296296293
0 0.8594973958333334 0.5576435185185186 0.11014062500000002 0.1765648148148148
0 0.31765625 0.008240740740740741 0.013645833333333357 0.016481481481481482
0 0.1821328125 0.8486944444444444 0.14843229166666666 0.30261111111111116
0 0.21840364583333335 0.43683796296296296 0.07826562500000002 0.14373148148148143
0 0.24038541666666668 0.1454490740740741 0.02929166666666667 0.05749074074074073
0 0.29492447916666664 0.17455092592592591 0.031515625 0.05460185185185185
0 0.3305052083333333 0.08580092592592592 0.022635416666666627 0.038027777777777785
0 0.4761640625 0.4021527777777778 0.05433854166666663 0.12958333333333333
0 0.5061484375 0.5937824074074074 0.07936979166666666 0.20002777777777775
