0 0.49388020833333335 0.5945277777777777 0.07489583333333331 0.19824074074074077
1 0.18972135416666666 0.5078935185185185 0.10632812499999998 0.20182407407407404
0 0.469734375 0.32561574074074073 0.04633333333333335 0.09519444444444444
0 0.25134895833333337 0.7422453703703704 0.11326041666666668 0.2612500000000001
0 0.28652083333333334 0.2189259259259259 0.03518749999999997 0.05959259259259261
0 0.3450416666666667 0.19694907407407405 0.027010416666666672 0.05510185185185187
0 0.2923463541666667 0.13125925925925924 0.026015624999999966 0.04472222222222222
0 0.3388359375 0.13670833333333332 0.02639062499999998 0.04424999999999999
0 0.40846354166666665 0.15425462962962963 0.02919791666666664 0.0466574074074074
0 0.3270052083333333 0.07053703703703704 0.02009375000000002 0.03485185185185185
0 0.36868489583333336 0.06643055555555556 0.018703125000000043 0.030768518518518514
0 0.3160026041666667 0.011574074074074073 0.014421875000000028 0.023148148148148147
0 0.24140885416666666 0.15926388888888887 0.02928645833333334 0.057490740740740745
