0 0.3217317708333333 0.039282407407407405 0.017578125 0.028583333333333336
0 0.7847031250000001 0.7150740740740741 0.12255208333333331 0.2418518518518519
0 0.31857812500000005 0.01862962962962963 0.014947916666666632 0.024444444444444442
0 0.31778645833333335 0.005027777777777778 0.012291666666666678 0.010055555555555555
0 0.1135546875 0.695837962962963 0.135703125 0.2543425925925926
0 0.24080729166666667 0.14788425925925924 0.02929166666666667 0.057490740740740745
0 0.28740104166666663 0.24007870370370374 0.040635416666666715 0.06899074074074076
0 0.3338177083333333 0.1135462962962963 0.02461458333333333 0.043129629629629615
0 0.47780989583333333 0.421787037037037 0.05615104166666664 0.13601851851851854
0 0.5090520833333333 0.6385648148148149 0.08368750000000004 0.21812962962962967
