0 0.3360286458333333 0.15521296296296297 0.026859375000000026 0.04857407407407408
0 0.32900781250000005 0.10926851851851853 0.023171875000000005 0.039944444444444456
0 0.329734375 0.06553240740740741 0.01898958333333335 0.034527777777777775
0 0.36828645833333334 0.06172222222222222 0.020614583333333294 0.03244444444444445
1 0.29232291666666665 0.05190740740740741 0.022500000000000023 0.04118518518518518
0 0.35158593750000006 0.03337037037037037 0.01651562499999996 0.026444444444444444
0 0.32051562499999997 0.027685185185185184 0.01630208333333331 0.025703703703703704
0 0.293765625 0.021064814814814814 0.013072916666666679 0.02231481481481481
0 0.3155625 0.006722222222222222 0.010229166666666718 0.013444444444444445
0 0.24162760416666668 0.15780092592592593 0.02928645833333334 0.057490740740740745
0 0.3188203125 0.37521296296296297 0.051296875000000006 0.1037222222222222
0 0.4882604166666667 0.6040185185185184 0.07412500000000002 0.2038518518518518
