0 0.20180989583333334 0.8048333333333334 0.12316145833333332 0.26355555555555554
0 0.30103385416666667 0.4421527777777778 0.06235937500000001 0.1266759259259259
0 0.34020312500000005 0.23469444444444443 0.035479166666666666 0.06874074074074073
0 0.4317005208333333 0.21076851851851852 0.03696354166666668 0.0663888888888889
1 0.289921875 0.1572685185185185 0.0355104166666667 0.07024074074074076
0 0.3954296875 0.13068981481481481 0.02763020833333331 0.04526851851851852
0 0.3391458333333333 0.14220370370370372 0.027322916666666686 0.049481481481481494
0 0.2938203125 0.08061111111111112 0.020515624999999992 0.032888888888888884
0 0.3278098958333333 0.0593287037037037 0.015390624999999976 0.029824074074074083
0 0.2921536458333333 0.04701388888888889 0.01765104166666666 0.02869444444444444
0 0.32607552083333335 0.03872685185185185 0.017109375000000013 0.02589814814814815
0 0.35808593750000006 0.04274074074074074 0.017098958333333355 0.026907407407407408
0 0.3187760416666666 0.012412037037037037 0.013854166666666678 0.022324074074074073
0 0.34004947916666667 0.006212962962962963 0.012223958333333347 0.012425925925925925
0 0.24142447916666665 0.15915277777777778 0.029286458333333314 0.057490740740740745
