0 0.3266692708333333 0.06666666666666667 0.01903645833333337 0.032481481481481486
0 0.7040703125000001 0.9463425925925926 0.10501562500000006 0.1073148148148148
0 0.32103125 0.04106481481481482 0.016875000000000046 0.0285
0 0.32126041666666666 0.01775462962962963 0.015000000000000036 0.02319444444444444
0 0.34832031250000006 0.01548148148148148 0.015953125 0.02124074074074074
1 0.2926822916666667 0.01660185185185185 0.016333333333333342 0.03149999999999999
0 0.24135156249999998 0.1524675925925926 0.02928645833333334 0.057490740740740745
0 0.2513229166666667 0.38815740740740745 0.06518750000000001 0.1077962962962963
0 0.3372708333333333 0.1648564814814815 0.028916666666666715 0.05336111111111113
0 0.47892708333333334 0.45110185185185186 0.05899999999999998 0.1470555555555556
0 0.5158828125 0.7357175925925926 0.09423437500000004 0.26608333333333334
