0 0.3192447916666667 0.026162037037037036 0.01618750000000002 0.026712962962962963
0 0.8431145833333334 0.5868055555555556 0.11261458333333335 0.18805555555555548
0 0.3177890625 0.010046296296296298 0.013911458333333352 0.01864814814814815
0 0.16361197916666667 0.8865925925925926 0.14333854166666668 0.22681481481481486
0 0.20188020833333334 0.47732407407407407 0.089 0.15664814814814815
0 0.24038541666666668 0.1458472222222222 0.02929166666666667 0.057490740740740745
0 0.29379427083333337 0.18728703703703706 0.03325520833333335 0.057518518518518524
0 0.33122395833333335 0.09142592592592594 0.02297916666666667 0.03922222222222222
0 0.47657812499999996 0.40630092592592587 0.05472916666666669 0.1309537037037037
0 0.5066510416666666 0.6029212962962963 0.08023958333333331 0.2033611111111111
