0 0.3293880208333333 0.08574999999999999 0.020723958333333372 0.03642592592592593
0 0.32284374999999993 0.05617592592592593 0.01843749999999999 0.03127777777777778
0 0.3232291666666667 0.02815740740740741 0.016000000000000014 0.027499999999999997
0 0.35271875 0.025037037037037035 0.01693749999999999 0.026518518518518518
1 0.29224479166666667 0.024074074074074074 0.01836458333333333 0.03477777777777778
0 0.34139583333333334 0.008101851851851851 0.0137083333333333 0.016203703703703703
0 0.24108333333333334 0.15357870370370372 0.02929166666666667 0.057490740740740745
0 0.19469791666666666 0.5520462962962963 0.09758333333333334 0.17261111111111108
0 0.3378333333333333 0.20199074074074072 0.032145833333333346 0.06020370370370371
0 0.48059375 0.47685185185185186 0.060979166666666626 0.15600000000000003
0 0.521765625 0.8262037037037038 0.10446874999999996 0.31129629629629635
