0 0.2633359375 0.5981481481481481 0.08721354166666669 0.17718518518518508
0 0.3170677083333333 0.35735185185185186 0.04967708333333333 0.09953703703703703
0 0.34052864583333337 0.2017685185185185 0.032473958333333344 0.0613888888888889
0 0.4219453125 0.18544444444444444 0.034192708333333384 0.05970370370370372
1 0.2906692708333333 0.13915277777777776 0.03317187499999997 0.06547222222222221
0 0.387859375 0.11480092592592592 0.02561458333333331 0.0416574074074074
0 0.3371666666666666 0.12085185185185186 0.025312500000000012 0.04462962962962963
0 0.29365624999999995 0.07075 0.019437500000000028 0.03227777777777779
0 0.32564583333333336 0.05014814814814815 0.014749999999999966 0.0272962962962963
0 0.2922473958333333 0.04055555555555555 0.016963541666666634 0.02711111111111111
0 0.3244973958333333 0.031296296296296294 0.016546874999999992 0.024481481481481486
0 0.3540026041666666 0.034083333333333334 0.01583854166666665 0.025129629629629634
0 0.3178072916666667 0.009148148148148148 0.013760416666666645 0.018296296296296297
0 0.24144531249999998 0.15900462962962966 0.02928645833333334 0.057490740740740745
