0 0.1928359375 0.8643009259259259 0.143171875 0.27139814814814817
0 0.4846822916666667 0.45289814814814816 0.05909375000000002 0.14038888888888895
1 0.2464453125 0.3565694444444445 0.07153645833333334 0.1374722222222222
0 0.45490625 0.2685092592592593 0.042531249999999986 0.08044444444444444
0 0.3235364583333334 0.4287638888888889 0.06121875000000004 0.12628703703703703
0 0.29133593750000003 0.17059722222222223 0.03036979166666664 0.04999074074074075
0 0.3420390625 0.1483472222222222 0.022682291666666642 0.046231481481481485
0 0.29244010416666666 0.10449074074074073 0.02368229166666668 0.03957407407407407
0 0.33591145833333336 0.10431944444444445 0.02361458333333335 0.03810185185185186
0 0.39305729166666664 0.11889814814814814 0.02485416666666668 0.040111111111111104
0 0.3250625 0.05196759259259259 0.01746874999999998 0.030861111111111117
0 0.35928124999999994 0.04583333333333333 0.017229166666666688 0.02659259259259259
0 0.3141276041666667 0.006023148148148148 0.01243229166666661 0.012046296296296296
0 0.24140885416666666 0.15926388888888887 0.02928645833333334 0.057490740740740745
