0 0.3311145833333333 0.10037037037037037 0.022187499999999954 0.03918518518518519
0 0.32427083333333334 0.0676574074074074 0.01941666666666665 0.0332037037037037
0 0.3246458333333333 0.03660185185185185 0.01658333333333335 0.029129629629629627
0 0.3562916666666667 0.03314814814814815 0.017458333333333322 0.028
1 0.291984375 0.030555555555555555 0.020010416666666704 0.03596296296296297
0 0.3437291666666667 0.01239814814814815 0.014750000000000025 0.021166666666666667
0 0.3176614583333333 0.008055555555555555 0.012760416666666666 0.01611111111111111
0 0.2412317708333333 0.1546712962962963 0.029286458333333314 0.057490740740740745
0 0.1226015625 0.7343148148148148 0.141203125 0.25481481481481477
0 0.336515625 0.2349305555555556 0.03505208333333331 0.06691666666666668
0 0.48232291666666666 0.49975462962962963 0.06285416666666664 0.16241666666666674
0 0.5282604166666667 0.8663611111111111 0.11427083333333338 0.2672777777777777
