0 0.21163802083333336 0.8271250000000001 0.13160937500000003 0.2901944444444444
0 0.4833671875 0.44174074074074077 0.058015624999999994 0.13655555555555562
1 0.2500494791666667 0.3453981481481481 0.06916145833333334 0.13288888888888892
0 0.4527708333333333 0.2626296296296296 0.04190624999999996 0.07861111111111109
0 0.3268541666666666 0.4093101851851852 0.05863541666666669 0.12058333333333335
0 0.2915651041666667 0.16617129629629626 0.029765624999999987 0.04899074074074074
0 0.34151302083333335 0.144 0.022255208333333342 0.045222222222222226
0 0.29246093749999996 0.10181481481481482 0.0234739583333333 0.039074074074074074
0 0.33553125 0.10135648148148148 0.023374999999999996 0.03750925925925926
0 0.39150520833333335 0.11561574074074076 0.024479166666666666 0.03952777777777779
0 0.3248020833333333 0.05025462962962963 0.017343749999999977 0.03054629629629629
0 0.35839322916666666 0.04398148148148148 0.01704687500000001 0.026444444444444448
0 0.31400260416666664 0.005564814814814815 0.012182291666666659 0.01112962962962963
0 0.24140885416666666 0.15926388888888887 0.02928645833333334 0.057490740740740745
