0 0.4886848958333333 0.49958796296296304 0.06474479166666663 0.15912037037037038
1 0.22943489583333332 0.4038472222222222 0.0828489583333333 0.15723148148148144
0 0.4611953125 0.29044907407407405 0.04440104166666667 0.08525000000000005
0 0.3068046875 0.5173055555555556 0.07319270833333338 0.15879629629629635
0 0.28994010416666666 0.18758796296296298 0.031734374999999974 0.05326851851851852
0 0.34334895833333334 0.16568518518518519 0.024239583333333314 0.0492962962962963
0 0.2925234375 0.11430092592592592 0.024661458333333344 0.04210185185185186
0 0.33710156249999995 0.11591203703703704 0.024421874999999992 0.04073148148148149
0 0.3987265625 0.13192592592592592 0.02681770833333334 0.042629629629629635
0 0.3257890625 0.05901851851851852 0.01865104166666664 0.032074074074074074
0 0.3628046875 0.05356481481481482 0.017536458333333314 0.02838888888888889
0 0.31483333333333335 0.007916666666666667 0.013083333333333336 0.015833333333333335
0 0.24140885416666666 0.15926388888888887 0.02928645833333334 0.057490740740740745
