0 0.3219921875 0.04064351851851852 0.01768229166666669 0.02880555555555556
0 0.7794531250000001 0.7299166666666667 0.12359374999999997 0.2485925925925925
0 0.3186979166666667 0.019722222222222224 0.015052083333333322 0.02462962962962963
0 0.31802604166666665 0.005555555555555556 0.0125 0.011111111111111112
1 0.29270833333333335 0.007824074074074074 0.0140625 0.015648148148148147
0 0.10235156249999999 0.7221342592592592 0.142828125 0.26702777777777775
0 0.2409140625 0.1481574074074074 0.02928645833333334 0.057499999999999996
0 0.2864609375 0.24584722222222222 0.041463541666666645 0.07015740740740739
0 0.334046875 0.11579166666666667 0.02482291666666671 0.043416666666666666
0 0.477875 0.4232361111111111 0.05628124999999997 0.13649074074074072
0 0.5093593750000001 0.6421435185185185 0.08404166666666674 0.21987962962962965
