0 0.3307083333333333 0.09644907407407406 0.021833333333333312 0.03854629629629631
0 0.32390625000000006 0.06454629629629631 0.019187500000000017 0.03275925925925926
0 0.3243020833333333 0.03448148148148148 0.016416666666666656 0.02877777777777778
0 0.355359375 0.031018518518518518 0.01721875000000003 0.02788888888888889
1 0.2920208333333333 0.02884259259259259 0.019666666666666662 0.035388888888888886
0 0.3431666666666667 0.011037037037037036 0.014562500000000018 0.020259259259259258
0 0.31758333333333333 0.00712962962962963 0.012312499999999994 0.01425925925925926
0 0.24111458333333333 0.1543101851851852 0.02929166666666667 0.05749074074074072
0 0.14403645833333334 0.6824768518518519 0.12847916666666664 0.2311759259259259
0 0.33697916666666666 0.22609722222222223 0.03419791666666671 0.06499074074074071
0 0.48180989583333333 0.49331018518518527 0.06231770833333332 0.16026851851851856
0 0.5264010416666667 0.8576018518518519 0.11144791666666667 0.2847962962962963
