0 0.33317447916666665 0.12114814814814816 0.02406770833333329 0.04292592592592594
0 0.32615625000000004 0.08388888888888889 0.020729166666666642 0.035925925925925924
0 0.32658333333333334 0.047810185185185185 0.017312500000000005 0.0311574074074074
0 0.36106770833333335 0.044425925925925924 0.018552083333333278 0.029296296296296296
1 0.2919791666666667 0.03952777777777777 0.021208333333333346 0.03846296296296296
0 0.346875 0.020333333333333335 0.015312500000000047 0.02425925925925926
0 0.31859375 0.014833333333333334 0.014583333333333334 0.022185185185185186
0 0.29340625 0.012129629629629629 0.012541666666666689 0.020481481481481482
0 0.241828125 0.1564675925925926 0.02929166666666667 0.057490740740740745
0 0.047239583333333335 0.9310277777777778 0.09447916666666667 0.13794444444444445
0 0.33248177083333336 0.28246296296296297 0.03990104166666667 0.07849999999999997
0 0.48485416666666664 0.5357824074074073 0.06641666666666665 0.1756388888888889
0 0.5335338541666667 0.914861111111111 0.11340104166666667 0.17027777777777775
