0 0.33729427083333335 0.231125 0.03382812500000002 0.06471296296296297
0 0.33148697916666664 0.16236111111111112 0.028817708333333355 0.05003703703703703
0 0.3344661458333333 0.0992824074074074 0.0227552083333333 0.040046296296296295
0 0.38342187499999997 0.0942962962962963 0.02421875 0.0387962962962963
1 0.2924921875 0.07647685185185185 0.025296875000000028 0.047657407407407405
0 0.36107812499999997 0.05653703703703704 0.01900000000000001 0.030851851851851853
0 0.32536718750000004 0.05199074074074073 0.018494791666666663 0.02994444444444444
0 0.2936614583333333 0.03498148148148148 0.015677083333333345 0.02548148148148148
0 0.3181979166666667 0.01838425925925926 0.012333333333333307 0.018416666666666668
0 0.2934635416666667 0.015453703703703706 0.013437500000000036 0.020370370370370372
0 0.3175078125 0.007333333333333333 0.013890625000000038 0.01424074074074074
0 0.33896354166666665 0.0052824074074074075 0.012541666666666689 0.010231481481481482
0 0.24154166666666665 0.15831944444444446 0.02929166666666667 0.057490740740740745
0 0.24684114583333333 0.6733842592592593 0.09670312499999997 0.2055092592592593
0 0.49351822916666666 0.8045277777777778 0.09609895833333333 0.31303703703703706
