0 0.26112239583333335 0.6013796296296297 0.08922395833333334 0.1824259259259259
0 0.3362838541666667 0.292375 0.041786458333333346 0.08460185185185186
0 0.44475 0.24968055555555552 0.04023958333333333 0.0764722222222222
1 0.2882395833333334 0.1854537037037037 0.03914583333333332 0.07853703703703703
0 0.40696354166666665 0.1541574074074074 0.031020833333333307 0.05196296296296297
0 0.3412265625 0.17706944444444445 0.031296875000000016 0.05725000000000001
0 0.2935052083333333 0.09478703703703704 0.02158333333333336 0.03551851851851852
0 0.3310677083333333 0.07337962962962963 0.016562499999999977 0.03194444444444444
0 0.2920442708333333 0.05666666666666667 0.01856770833333332 0.030555555555555555
0 0.32809895833333336 0.0492824074074074 0.018489583333333334 0.02800925925925925
0 0.3642578125 0.05613425925925926 0.018776041666666642 0.028750000000000005
0 0.3200572916666667 0.01895833333333333 0.014416666666666699 0.02421296296296296
0 0.34320833333333334 0.010162037037037037 0.013218749999999998 0.020324074074074074
0 0.24140885416666666 0.15926388888888887 0.02928645833333334 0.057490740740740745
