0 0.29749479166666665 0.513037037037037 0.07330208333333331 0.1529629629629629
0 0.4709375 0.3578101851851852 0.04964583333333336 0.10856481481481481
1 0.2739895833333333 0.26799074074074075 0.05337499999999998 0.10399999999999997
0 0.43559114583333336 0.21680555555555556 0.037380208333333324 0.06601851851851853
0 0.34104166666666663 0.2875 0.04236458333333335 0.08257407407407402
0 0.29289322916666666 0.13418055555555558 0.02645312499999998 0.04249074074074075
0 0.33738802083333336 0.11137962962962963 0.019703125000000023 0.03833333333333334
0 0.2922578125 0.08233796296296296 0.021515624999999972 0.03437962962962963
0 0.3325651041666667 0.07872222222222222 0.02083854166666666 0.03296296296296296
0 0.3794583333333333 0.09012037037037036 0.022145833333333382 0.033999999999999996
0 0.3226692708333333 0.037384259259259256 0.01625520833333335 0.027361111111111107
0 0.35192708333333333 0.028916666666666667 0.015062499999999979 0.024092592592592596
0 0.24140885416666666 0.15926388888888887 0.02928645833333334 0.057490740740740745
