0 0.3287994791666667 0.31398148148148153 0.04247395833333337 0.0826851851851852
0 0.3310182291666667 0.21380092592592592 0.032973958333333366 0.061509259259259264
0 0.33796614583333334 0.12899537037037037 0.02528645833333331 0.04667592592592593
0 0.3960078125 0.12312037037037037 0.027651041666666685 0.04540740740740741
1 0.2924348958333333 0.09633333333333333 0.028026041666666637 0.05200000000000001
0 0.3694140625 0.07543055555555556 0.0211302083333333 0.03489814814814815
0 0.3296380208333333 0.07297222222222223 0.020661458333333313 0.03433333333333333
0 0.29369531249999997 0.04660185185185185 0.016796875 0.027129629629629632
0 0.3206197916666667 0.028125 0.012239583333333333 0.02276851851851852
0 0.29328645833333333 0.02411574074074074 0.013437499999999976 0.02223148148148148
0 0.31992447916666666 0.013476851851851851 0.014890624999999958 0.01987962962962963
0 0.343609375 0.01272685185185185 0.014083333333333314 0.019787037037037037
0 0.24150520833333333 0.1585787037037037 0.02929166666666667 0.057490740740740745
0 0.49103125 0.9159444444444444 0.10404166666666673 0.16811111111111107
