0 0.4972578125 0.7495231481481481 0.09319270833333336 0.2768796296296296
1 0.11430468749999999 0.6913194444444445 0.15246354166666667 0.28995370370370377
0 0.4789765625 0.36950925925925926 0.05027604166666665 0.10783333333333336
0 0.2799166666666667 0.26403240740740735 0.04066666666666669 0.06971296296296298
0 0.3455390625 0.24414814814814814 0.031838541666666664 0.06503703703703705
0 0.29162760416666667 0.15595833333333334 0.029244791666666655 0.04956481481481482
0 0.34023177083333334 0.16671296296296298 0.029432291666666662 0.050092592592592584
0 0.4215598958333333 0.18299537037037036 0.03260937500000001 0.05178703703703704
0 0.32863281250000004 0.08671296296296296 0.022005208333333335 0.038055555555555565
0 0.3763932291666666 0.08370370370370371 0.020963541666666665 0.0338888888888889
0 0.31768229166666667 0.019629629629629632 0.01484375 0.025000000000000005
0 0.24140885416666666 0.15926388888888887 0.02928645833333334 0.057490740740740745
