0 0.49532552083333337 0.6222083333333334 0.07778645833333335 0.21021296296296293
1 0.17773697916666667 0.5386898148148148 0.11339062500000001 0.21595370370370368
0 0.47190104166666663 0.3352592592592593 0.04670833333333331 0.09833333333333333
0 0.23347395833333331 0.8128194444444444 0.12632291666666665 0.2951018518518519
0 0.285421875 0.22813425925925926 0.0363645833333333 0.06150925925925929
0 0.34546614583333335 0.20601388888888889 0.027817708333333316 0.056861111111111105
0 0.29224218750000003 0.1361064814814815 0.02634895833333335 0.04519444444444445
0 0.3392942708333333 0.1427314814814815 0.027036458333333315 0.04509259259259258
0 0.41123958333333327 0.16056944444444443 0.029708333333333375 0.047749999999999994
0 0.32735677083333337 0.0737037037037037 0.02039062499999999 0.035740740740740747
0 0.3703255208333333 0.06999999999999999 0.019140625 0.031296296296296294
0 0.316171875 0.012962962962962963 0.01484375 0.02277777777777778
0 0.24140885416666666 0.15926388888888887 0.02928645833333334 0.057490740740740745
