0 0.3227786458333333 0.04472222222222222 0.017984374999999986 0.029481481481481477
0 0.7635989583333334 0.7754722222222222 0.12671874999999996 0.26881481481481473
0 0.3190572916666667 0.023 0.015364583333333333 0.025185185185185182
0 0.31873958333333335 0.007138888888888889 0.013125000000000024 0.014277777777777778
0 0.34321875 0.0054907407407407405 0.013802083333333333 0.010981481481481481
1 0.29297395833333334 0.00924074074074074 0.01459374999999999 0.01848148148148148
0 0.072390625 0.8170833333333334 0.14478125 0.3073148148148149
0 0.2412317708333333 0.14898611111111112 0.029286458333333314 0.05749074074074072
0 0.283640625 0.26316203703703706 0.04394791666666666 0.07363888888888892
0 0.33473177083333333 0.12254166666666666 0.025453125000000004 0.044250000000000005
0 0.4780703125 0.42759722222222224 0.05667187499999997 0.1378796296296296
0 0.51028125 0.652875 0.08510416666666672 0.22513888888888886
