0 0.32429166666666664 0.052754629629629624 0.018374999999999985 0.030490740740740742
0 0.7309166666666668 0.861648148148148 0.13506249999999997 0.27670370370370373
0 0.31978645833333336 0.029611111111111112 0.015885416666666666 0.02640740740740741
0 0.3198020833333333 0.010925925925925926 0.01395833333333331 0.018333333333333333
0 0.3452604166666667 0.009185185185185185 0.014416666666666699 0.015592592592592592
1 0.2930052083333333 0.011981481481481482 0.01534374999999996 0.023962962962962964
0 0.03504427083333333 0.9225925925925925 0.07008854166666666 0.15481481481481485
0 0.24144270833333334 0.1505601851851852 0.02929166666666667 0.057490740740740745
0 0.2745026041666667 0.304462962962963 0.05033854166666665 0.08385185185185186
0 0.3358567708333334 0.13762962962962963 0.02670312499999999 0.04755555555555555
0 0.47832552083333335 0.4358842592592593 0.05755729166666666 0.14056481481481475
0 0.5124296875 0.6795092592592593 0.0881197916666667 0.23842592592592593
