0 0.30528125000000006 0.477625 0.06739583333333332 0.14108333333333334
0 0.46817447916666666 0.3438935185185185 0.04844270833333333 0.10410185185185186
1 0.276578125 0.2563425925925926 0.05120833333333336 0.10024074074074076
0 0.4322630208333333 0.2089259259259259 0.03657812499999995 0.06414814814814812
0 0.34191145833333336 0.2710648148148148 0.04057291666666665 0.07872222222222221
0 0.29304687500000004 0.12901851851851853 0.025833333333333344 0.041555555555555554
0 0.33671875 0.1063888888888889 0.019333333333333275 0.037407407407407396
0 0.29217447916666667 0.0791111111111111 0.02123437499999999 0.033851851851851855
0 0.3320677083333333 0.07487037037037036 0.02053124999999998 0.03222222222222223
0 0.3775208333333333 0.08579629629629629 0.021562499999999988 0.03329629629629629
0 0.32224739583333334 0.035101851851851856 0.01615104166666666 0.026722222222222224
0 0.3508880208333333 0.02642592592592593 0.014765625000000011 0.023703703703703706
0 0.24140885416666666 0.15926388888888887 0.02928645833333334 0.057490740740740745
