0 0.3372526041666667 0.1839074074074074 0.029348958333333345 0.05418518518518517
0 0.3304453125 0.13010185185185183 0.025338541666666655 0.04405555555555557
0 0.3318697916666667 0.07903240740740741 0.020364583333333346 0.03634259259259259
0 0.374390625 0.07502777777777778 0.02190625000000003 0.035240740740740746
1 0.2924010416666667 0.062296296296296294 0.023781249999999983 0.043666666666666666
0 0.3554869791666667 0.04262962962962963 0.017526041666666655 0.028259259259259255
0 0.32252604166666665 0.03765740740740741 0.016968749999999963 0.027796296296296295
0 0.293953125 0.027175925925925926 0.013822916666666648 0.023351851851851853
0 0.3167135416666666 0.011185185185185185 0.010843750000000025 0.017185185185185185
0 0.2415703125 0.1581111111111111 0.02928645833333334 0.057499999999999996
0 0.2994375 0.470837962962963 0.0638958333333333 0.13073148148148148
0 0.49142447916666665 0.6722361111111111 0.08148437500000003 0.2356018518518519
