0 0.2905520833333333 0.5414537037037037 0.0783333333333333 0.16309259259259262
0 0.4726796875 0.367787037037037 0.050661458333333326 0.11179629629629631
1 0.27161979166666667 0.27599074074074076 0.05504166666666667 0.10685185185185184
0 0.43774739583333333 0.22241666666666668 0.037901041666666656 0.06738888888888891
0 0.3398984375 0.30065740740740743 0.04397395833333337 0.08659259259259262
0 0.29277604166666665 0.13784722222222223 0.026718749999999975 0.04315740740740742
0 0.33789583333333334 0.11525 0.019937499999999986 0.03907407407407407
0 0.2923177083333333 0.08458333333333333 0.021791666666666622 0.035037037037037026
0 0.3329296875 0.08144907407407408 0.021213541666666676 0.03350925925925926
0 0.3809296875 0.0932361111111111 0.02236979166666669 0.03476851851851852
0 0.32294010416666663 0.03891203703703704 0.01640104166666667 0.02782407407407407
0 0.352671875 0.030824074074074073 0.015364583333333333 0.024500000000000004
0 0.24140885416666666 0.15926388888888887 0.02928645833333334 0.057490740740740745
