0 0.33275 0.11663888888888889 0.023666666666666693 0.04201851851851852
0 0.32576041666666666 0.08043981481481481 0.02041666666666663 0.03523148148148149
0 0.32613020833333334 0.04538425925925926 0.017197916666666656 0.030675925925925922
0 0.360078125 0.04198148148148149 0.01836458333333333 0.028814814814814814
1 0.29192708333333334 0.03761111111111111 0.02112499999999997 0.03807407407407408
0 0.34614583333333326 0.01840740740740741 0.015312499999999988 0.024074074074074078
0 0.31824479166666664 0.012833333333333332 0.014343749999999982 0.021925925925925925
0 0.29336979166666666 0.01087962962962963 0.012364583333333339 0.01987037037037037
0 0.24171093750000003 0.15610648148148148 0.029286458333333314 0.05749074074074072
0 0.053989583333333334 0.9143472222222222 0.10797916666666667 0.17130555555555554
0 0.33379947916666663 0.27194907407407404 0.03876562500000003 0.07560185185185184
0 0.4843619791666666 0.5274305555555555 0.06543229166666667 0.17225
0 0.531953125 0.9037499999999999 0.10713541666666669 0.19249999999999998
