0 0.3356328125 0.1500787037037037 0.026463541666666698 0.04784259259259258
0 0.3285911458333333 0.10550925925925925 0.02279687499999999 0.03946296296296296
0 0.32928645833333337 0.0629212962962963 0.018656249999999968 0.0340462962962963
0 0.3672239583333333 0.05923148148148148 0.020239583333333342 0.03201851851851852
1 0.2922760416666667 0.050249999999999996 0.0222395833333333 0.04079629629629629
0 0.350953125 0.03155555555555555 0.016218749999999994 0.02603703703703704
0 0.32029687500000004 0.025972222222222223 0.01605208333333336 0.02501851851851852
0 0.29370312500000006 0.01976851851851852 0.013072916666666679 0.02231481481481481
0 0.3153697916666667 0.006222222222222222 0.01019791666666663 0.012444444444444444
0 0.24166927083333334 0.15762500000000002 0.02928645833333334 0.057490740740740745
0 0.32151562499999997 0.35963425925925924 0.049302083333333316 0.09960185185185184
0 0.48779687499999996 0.5930694444444444 0.07319791666666671 0.19949074074074077
