0 0.32137499999999997 0.36097685185185185 0.048937500000000016 0.09743518518518521
0 0.32948177083333335 0.24161574074074074 0.03579687500000001 0.06834259259259262
0 0.33910677083333335 0.1446527777777778 0.026890624999999998 0.05013888888888889
0 0.40220833333333333 0.13742592592592595 0.029458333333333305 0.04874074074074075
1 0.2922083333333333 0.10573611111111111 0.029166666666666667 0.05512037037037037
0 0.37367968749999997 0.08435185185185184 0.022307291666666687 0.03651851851851852
0 0.3316979166666666 0.08362962962962962 0.02168749999999999 0.03622222222222221
0 0.2935625 0.05227777777777777 0.017416666666666695 0.028148148148148148
0 0.32181770833333334 0.03323148148148148 0.012781249999999982 0.024018518518518515
0 0.29296875 0.027870370370370372 0.014114583333333286 0.023148148148148147
0 0.3210338541666667 0.017185185185185185 0.015265624999999972 0.021592592592592594
0 0.3460104166666666 0.017138888888888888 0.014520833333333332 0.02227777777777778
0 0.2414895833333333 0.1586898148148148 0.029291666666666643 0.057490740740740745
