0 0.336734375 0.16918055555555556 0.028041666666666683 0.05113888888888891
0 0.32980729166666667 0.11943055555555557 0.02421875 0.041787037037037046
0 0.33081510416666665 0.07222685185185185 0.019713541666666678 0.03550925925925927
0 0.37123958333333335 0.0682685185185185 0.021333333333333353 0.03375925925925925
1 0.29238020833333334 0.056837962962962965 0.023145833333333362 0.04236111111111112
0 0.35344270833333336 0.03797685185185185 0.017083333333333308 0.027379629629629625
0 0.32140624999999995 0.03249537037037037 0.016708333333333356 0.02691666666666667
0 0.293875 0.02416666666666667 0.01335416666666666 0.0227037037037037
0 0.31611458333333337 0.008708333333333334 0.01047916666666667 0.015472222222222222
0 0.24158072916666667 0.15803240740740743 0.029286458333333314 0.057490740740740745
0 0.3106171875 0.4185509259259259 0.056588541666666714 0.114787037037037
0 0.48973697916666664 0.6364444444444445 0.07746354166666668 0.21848148148148153
