0 0.3268932291666667 0.06815277777777777 0.019130208333333343 0.032768518518518516
0 0.3211588541666667 0.04226851851851852 0.01700520833333338 0.028703703703703703
0 0.32140625 0.018435185185185186 0.015104166666666667 0.023685185185185188
0 0.34862760416666666 0.01611111111111111 0.016109375000000033 0.021814814814814815
1 0.29265885416666665 0.017083333333333332 0.016432291666666644 0.03203703703703704
0 0.24133072916666667 0.15256018518518516 0.02928645833333334 0.057490740740740745
0 0.24825260416666667 0.3979212962962963 0.06713020833333336 0.11082407407407407
0 0.33737239583333334 0.16768981481481482 0.029161458333333338 0.05378703703703704
0 0.4790286458333333 0.4528888888888889 0.059130208333333316 0.14801851851851847
0 0.5161692708333334 0.7424675925925927 0.09490104166666669 0.2693240740740741
