0 0.49704947916666664 0.7093518518518518 0.08856770833333331 0.25687037037037036
1 0.13546875 0.6401712962962963 0.13986458333333335 0.26437962962962963
0 0.47685416666666663 0.3592314814814815 0.049208333333333285 0.10498148148148154
0 0.18554947916666667 0.9340925925925926 0.12339062499999999 0.13181481481481483
0 0.28156770833333333 0.25326388888888884 0.03937499999999998 0.06724999999999996
0 0.345515625 0.23270833333333332 0.030635416666666634 0.06258333333333334
0 0.2918125 0.15 0.028375000000000008 0.048259259259259266
0 0.33995052083333327 0.15951851851851853 0.028713541666666665 0.04859259259259261
0 0.4184635416666667 0.17626851851851852 0.0317395833333333 0.05057407407407408
0 0.32825 0.08281018518518518 0.0215208333333333 0.03736111111111111
0 0.3745729166666667 0.0795925925925926 0.02041666666666663 0.03311111111111112
0 0.3172291666666667 0.01762962962962963 0.01484375 0.024333333333333335
0 0.24140885416666666 0.15926388888888887 0.02928645833333334 0.057490740740740745
