0 0.23953385416666664 0.6777222222222222 0.10110937500000003 0.20744444444444451
0 0.31166927083333335 0.3905324074074074 0.05425520833333331 0.10982407407407403
0 0.34029947916666664 0.21575 0.03364062499999996 0.06372222222222224
0 0.4262786458333333 0.19624999999999998 0.035484375 0.06275925925925926
1 0.29035937500000003 0.1469212962962963 0.034249999999999996 0.06741666666666668
0 0.39102604166666666 0.12176388888888888 0.02644791666666665 0.042694444444444445
0 0.3381067708333333 0.12979166666666667 0.025890625000000018 0.04660185185185185
0 0.2937708333333333 0.0750648148148148 0.019916666666666673 0.03224074074074075
0 0.32655208333333335 0.05418518518518519 0.01502083333333335 0.028481481481481486
0 0.2921640625 0.04333333333333333 0.017338541666666707 0.02792592592592593
0 0.3252057291666667 0.03462962962962963 0.016713541666666682 0.02507407407407407
0 0.35573958333333333 0.037523148148148146 0.016208333333333335 0.025990740740740745
0 0.31821354166666665 0.010333333333333333 0.01378125000000002 0.020666666666666667
0 0.24143489583333333 0.15906944444444446 0.02928645833333334 0.057490740740740745
